174 1734111667 3,400000 -1,000000 -101,000000 0,000000 0,000000
174 1734111668 3,400000 -1,000000 -101,000000 0,000000 0,000000
174 1734111669 3,400000 -1,000000 -101,000000 0,000000 0,000000
174 1734111670 3,400000 -1,000000 -101,000000 0,000000 0,000000
174 1734111671 3,400000 -1,000000 -101,000000 0,000000 0,000000
174 1734111672 1,800000 -1,000000 -101,000000 0,000000 0,000000
174 1734111673 1,800000 -1,000000 -101,000000 0,000000 0,000000
174 1734111674 1,800000 -1,000000 -101,000000 0,000000 0,000000
174 1734111675 1,800000 -1,000000 -101,000000 0,000000 0,000000
174 1734111676 1,800000 -1,000000 -101,000000 0,000000 0,000000
174 1734111677 1,600000 -1,000000 -101,000000 0,000000 0,000000
174 1734111678 1,600000 -1,000000 -101,000000 0,000000 0,000000
174 1734111679 1,600000 -1,000000 -101,000000 0,000000 0,000000
174 1734111680 1,600000 -1,000000 -101,000000 0,000000 0,000000
174 1734111681 1,600000 -1,000000 -101,000000 0,000000 0,000000
174 1734111682 2,800000 -1,000000 -101,000000 0,000000 0,000000
174 1734111683 2,800000 -1,000000 -101,000000 0,000000 0,000000
174 1734111684 2,800000 -1,000000 -101,000000 0,000000 0,000000
174 1734111685 2,800000 -1,000000 -101,000000 0,000000 0,000000
174 1734111686 2,800000 -1,000000 -101,000000 0,000000 0,000000
174 1734111687 1,600000 -1,000000 -101,000000 0,000000 0,000000
174 1734111688 1,600000 -1,000000 -101,000000 0,000000 0,000000
174 1734111689 1,600000 -1,000000 -101,000000 0,000000 0,000000
174 1734111690 1,600000 -1,000000 -101,000000 0,000000 0,000000
174 1734111691 1,600000 -1,000000 -101,000000 0,000000 0,000000
174 1734111692 0,200000 -1,000000 -101,000000 0,000000 0,000000
174 1734111693 0,200000 -1,000000 -101,000000 0,000000 0,000000
174 1734111694 0,200000 -1,000000 -101,000000 0,000000 0,000000
174 1734111695 0,200000 -1,000000 -101,000000 0,000000 0,000000
174 1734111696 0,200000 -1,000000 -101,000000 0,000000 0,000000
174 1734111697 1,600000 -1,000000 -101,000000 0,000000 0,000000
174 1734111698 1,600000 -1,000000 -101,000000 0,000000 0,000000
174 1734111699 1,600000 -1,000000 -101,000000 0,000000 0,000000
174 1734111700 1,600000 -1,000000 -101,000000 0,000000 0,000000
174 1734111701 1,600000 -1,000000 -101,000000 0,000000 0,000000
174 1734111702 1,400000 -1,000000 -101,000000 0,000000 0,000000
174 1734111703 1,400000 -1,000000 -101,000000 0,000000 0,000000
174 1734111704 1,400000 -1,000000 -101,000000 0,000000 0,000000
174 1734111705 1,400000 -1,000000 -101,000000 0,000000 0,000000
174 1734111706 1,400000 -1,000000 -101,000000 0,000000 0,000000
174 1734111707 2,400000 -1,000000 -101,000000 0,000000 0,000000
174 1734111708 2,400000 -1,000000 -101,000000 0,000000 0,000000
174 1734111709 2,400000 -1,000000 -101,000000 0,000000 0,000000
174 1734111710 2,400000 -1,000000 -101,000000 0,000000 0,000000
174 1734111711 2,400000 -1,000000 -101,000000 0,000000 0,000000
174 1734111712 1,000000 -1,000000 -101,000000 0,000000 0,000000
174 1734111713 1,000000 -1,000000 -101,000000 0,000000 0,000000
174 1734111714 1,000000 -1,000000 -101,000000 0,000000 0,000000
174 1734111715 1,000000 -1,000000 -101,000000 0,000000 0,000000
174 1734111716 1,000000 -1,000000 -101,000000 0,000000 0,000000
174 1734111717 0,400000 -1,000000 -101,000000 0,000000 0,000000
174 1734111718 0,400000 -1,000000 -101,000000 0,000000 0,000000
174 1734111719 0,400000 -1,000000 -101,000000 0,000000 0,000000
174 1734111720 0,400000 -1,000000 -101,000000 0,000000 0,000000
174 1734111721 0,400000 -1,000000 -101,000000 0,000000 0,000000
174 1734111722 0,200000 -1,000000 -101,000000 0,000000 0,000000
174 1734111723 0,200000 -1,000000 -101,000000 0,000000 0,000000
174 1734111724 0,200000 -1,000000 -101,000000 0,000000 0,000000
174 1734111725 0,200000 -1,000000 -101,000000 0,000000 0,000000
174 1734111726 0,200000 -1,000000 -101,000000 0,000000 0,000000
174 1734111727 0,200000 -1,000000 -101,000000 0,000000 0,000000
174 1734111728 0,200000 -1,000000 -101,000000 0,000000 0,000000
174 1734111729 0,200000 -1,000000 -101,000000 0,000000 0,000000
174 1734111730 0,200000 -1,000000 -101,000000 0,000000 0,000000
174 1734111731 0,200000 -1,000000 -101,000000 0,000000 0,000000
174 1734111732 0,200000 -1,000000 -101,000000 0,000000 0,000000
174 1734111733 0,200000 -1,000000 -101,000000 0,000000 0,000000
174 1734111734 0,200000 -1,000000 -101,000000 0,000000 0,000000
174 1734111735 0,200000 -1,000000 -101,000000 0,000000 0,000000
174 1734111736 0,200000 -1,000000 -101,000000 0,000000 0,000000
174 1734111737 1,000000 -1,000000 -101,000000 0,000000 0,000000
174 1734111738 1,000000 -1,000000 -101,000000 0,000000 0,000000
174 1734111739 1,000000 -1,000000 -101,000000 0,000000 0,000000
174 1734111740 1,000000 -1,000000 -101,000000 0,000000 0,000000
174 1734111741 1,000000 -1,000000 -101,000000 0,000000 0,000000
174 1734111742 0,600000 -1,000000 -101,000000 0,000000 0,000000
174 1734111743 0,600000 -1,000000 -101,000000 0,000000 0,000000
174 1734111744 0,600000 -1,000000 -101,000000 0,000000 0,000000
174 1734111745 0,600000 -1,000000 -101,000000 0,000000 0,000000
174 1734111746 0,600000 -1,000000 -101,000000 0,000000 0,000000
174 1734111747 0,800000 -1,000000 -101,000000 0,000000 0,000000
174 1734111748 0,800000 -1,000000 -101,000000 0,000000 0,000000
174 1734111749 0,800000 -1,000000 -101,000000 0,000000 0,000000
174 1734111750 0,800000 -1,000000 -101,000000 0,000000 0,000000
174 1734111751 0,800000 -1,000000 -101,000000 0,000000 0,000000
174 1734111752 1,400000 -1,000000 -101,000000 0,000000 0,000000
174 1734111753 1,400000 -1,000000 -101,000000 0,000000 0,000000
174 1734111754 1,400000 -1,000000 -101,000000 0,000000 0,000000
174 1734111755 1,400000 -1,000000 -101,000000 0,000000 0,000000
174 1734111756 1,400000 -1,000000 -101,000000 0,000000 0,000000
174 1734111757 1,200000 -1,000000 -101,000000 0,000000 0,000000
174 1734111758 1,200000 -1,000000 -101,000000 0,000000 0,000000
174 1734111759 1,200000 -1,000000 -101,000000 0,000000 0,000000
174 1734111760 1,200000 -1,000000 -101,000000 0,000000 0,000000
174 1734111761 1,200000 -1,000000 -101,000000 0,000000 0,000000
174 1734111762 1,600000 -1,000000 -101,000000 0,000000 0,000000
174 1734111763 1,600000 -1,000000 -101,000000 0,000000 0,000000
174 1734111764 1,600000 -1,000000 -101,000000 0,000000 0,000000
174 1734111765 1,600000 -1,000000 -101,000000 0,000000 0,000000
174 1734111766 1,600000 -1,000000 -101,000000 0,000000 0,000000
174 1734111767 1,200000 -1,000000 -101,000000 0,000000 0,000000
174 1734111768 1,200000 -1,000000 -101,000000 0,000000 0,000000
174 1734111769 1,200000 -1,000000 -101,000000 0,000000 0,000000
174 1734111770 1,200000 -1,000000 -101,000000 0,000000 0,000000
174 1734111771 1,200000 -1,000000 -101,000000 0,000000 0,000000
174 1734111772 1,400000 -1,000000 -101,000000 0,000000 0,000000
174 1734111773 1,400000 -1,000000 -101,000000 0,000000 0,000000
174 1734111774 1,400000 -1,000000 -101,000000 0,000000 0,000000
174 1734111775 1,400000 -1,000000 -101,000000 0,000000 0,000000
174 1734111776 1,400000 -1,000000 -101,000000 0,000000 0,000000
174 1734111777 1,000000 -1,000000 -101,000000 0,000000 0,000000
174 1734111778 1,000000 -1,000000 -101,000000 0,000000 0,000000
174 1734111779 1,000000 -1,000000 -101,000000 0,000000 0,000000
174 1734111780 1,000000 -1,000000 -101,000000 0,000000 0,000000
174 1734111781 1,000000 -1,000000 -101,000000 0,000000 0,000000
174 1734111782 2,200000 -1,000000 -101,000000 0,000000 0,000000
174 1734111783 2,200000 -1,000000 -101,000000 0,000000 0,000000
174 1734111784 2,200000 -1,000000 -101,000000 0,000000 0,000000
174 1734111785 2,200000 -1,000000 -101,000000 0,000000 0,000000
174 1734111786 2,200000 -1,000000 -101,000000 0,000000 0,000000
174 1734111787 2,600000 -1,000000 -101,000000 0,000000 0,000000
174 1734111788 2,600000 -1,000000 -101,000000 0,000000 0,000000
174 1734111789 2,600000 -1,000000 -101,000000 0,000000 0,000000
174 1734111790 2,600000 -1,000000 -101,000000 0,000000 0,000000
174 1734111791 2,600000 -1,000000 -101,000000 0,000000 0,000000
174 1734111792 0,400000 -1,000000 -101,000000 0,000000 0,000000
174 1734111793 0,400000 -1,000000 -101,000000 0,000000 0,000000
174 1734111794 0,400000 -1,000000 -101,000000 0,000000 0,000000
174 1734111795 0,400000 -1,000000 -101,000000 0,000000 0,000000
174 1734111796 0,400000 -1,000000 -101,000000 0,000000 0,000000
174 1734111812 0,600000 -1,000000 -101,000000 0,000000 0,000000
174 1734111813 0,600000 -1,000000 -101,000000 0,000000 0,000000
174 1734111814 0,600000 -1,000000 -101,000000 0,000000 0,000000
174 1734111815 0,600000 -1,000000 -101,000000 0,000000 0,000000
174 1734111816 0,600000 -1,000000 -101,000000 0,000000 0,000000
174 1734111817 1,000000 -1,000000 -101,000000 0,000000 0,000000
174 1734111818 1,000000 -1,000000 -101,000000 0,000000 0,000000
174 1734111819 1,000000 -1,000000 -101,000000 0,000000 0,000000
174 1734111820 1,000000 -1,000000 -101,000000 0,000000 0,000000
174 1734111821 1,000000 -1,000000 -101,000000 0,000000 0,000000
174 1734111822 1,000000 -1,000000 -101,000000 0,000000 0,000000
174 1734111823 1,000000 -1,000000 -101,000000 0,000000 0,000000
174 1734111824 1,000000 -1,000000 -101,000000 0,000000 0,000000
174 1734111825 1,000000 -1,000000 -101,000000 0,000000 0,000000
174 1734111826 1,000000 -1,000000 -101,000000 0,000000 0,000000
174 1734111827 1,600000 -1,000000 -101,000000 0,000000 0,000000
174 1734111828 1,600000 -1,000000 -101,000000 0,000000 0,000000
174 1734111829 1,600000 -1,000000 -101,000000 0,000000 0,000000
174 1734111830 1,600000 -1,000000 -101,000000 0,000000 0,000000
174 1734111831 1,600000 -1,000000 -101,000000 0,000000 0,000000
174 1734111832 2,200000 -1,000000 -101,000000 0,000000 0,000000
174 1734111833 2,200000 -1,000000 -101,000000 0,000000 0,000000
174 1734111834 2,200000 -1,000000 -101,000000 0,000000 0,000000
174 1734111835 2,200000 -1,000000 -101,000000 0,000000 0,000000
174 1734111836 2,200000 -1,000000 -101,000000 0,000000 0,000000
174 1734111837 0,800000 -1,000000 -101,000000 0,000000 0,000000
174 1734111838 0,800000 -1,000000 -101,000000 0,000000 0,000000
174 1734111839 0,800000 -1,000000 -101,000000 0,000000 0,000000
174 1734111840 0,800000 -1,000000 -101,000000 0,000000 0,000000
174 1734111841 0,800000 -1,000000 -101,000000 0,000000 0,000000
174 1734111842 1,400000 -1,000000 -101,000000 0,000000 0,000000
174 1734111843 1,400000 -1,000000 -101,000000 0,000000 0,000000
174 1734111844 1,400000 -1,000000 -101,000000 0,000000 0,000000
174 1734111845 1,400000 -1,000000 -101,000000 0,000000 0,000000
174 1734111846 1,400000 -1,000000 -101,000000 0,000000 0,000000
174 1734111847 2,000000 -1,000000 -101,000000 0,000000 0,000000
174 1734111848 2,000000 -1,000000 -101,000000 0,000000 0,000000
174 1734111849 2,000000 -1,000000 -101,000000 0,000000 0,000000
174 1734111850 2,000000 -1,000000 -101,000000 0,000000 0,000000
174 1734111851 2,000000 -1,000000 -101,000000 0,000000 0,000000
174 1734111852 1,000000 -1,000000 -101,000000 0,000000 0,000000
174 1734111853 1,000000 -1,000000 -101,000000 0,000000 0,000000
174 1734111854 1,000000 -1,000000 -101,000000 0,000000 0,000000
174 1734111855 1,000000 -1,000000 -101,000000 0,000000 0,000000
174 1734111856 1,000000 -1,000000 -101,000000 0,000000 0,000000
174 1734111857 1,000000 -1,000000 -101,000000 0,000000 0,000000
174 1734111858 1,000000 -1,000000 -101,000000 0,000000 0,000000
174 1734111859 1,000000 -1,000000 -101,000000 0,000000 0,000000
174 1734111860 1,000000 -1,000000 -101,000000 0,000000 0,000000
174 1734111861 1,000000 -1,000000 -101,000000 0,000000 0,000000
174 1734111862 1,600000 -1,000000 -101,000000 0,000000 0,000000
174 1734111863 1,600000 -1,000000 -101,000000 0,000000 0,000000
174 1734111864 1,600000 -1,000000 -101,000000 0,000000 0,000000
174 1734111865 1,600000 -1,000000 -101,000000 0,000000 0,000000
174 1734111866 1,600000 -1,000000 -101,000000 0,000000 0,000000
174 1734111867 2,400000 -1,000000 -101,000000 0,000000 0,000000
174 1734111868 2,400000 -1,000000 -101,000000 0,000000 0,000000
174 1734111869 2,400000 -1,000000 -101,000000 0,000000 0,000000
174 1734111870 2,400000 -1,000000 -101,000000 0,000000 0,000000
174 1734111871 2,400000 -1,000000 -101,000000 0,000000 0,000000
174 1734111872 0,200000 -1,000000 -101,000000 0,000000 0,000000
174 1734111873 0,200000 -1,000000 -101,000000 0,000000 0,000000
174 1734111874 0,200000 -1,000000 -101,000000 0,000000 0,000000
174 1734111875 0,200000 -1,000000 -101,000000 0,000000 0,000000
174 1734111876 0,200000 -1,000000 -101,000000 0,000000 0,000000
174 1734111882 0,800000 -1,000000 -101,000000 0,000000 0,000000
174 1734111883 0,800000 -1,000000 -101,000000 0,000000 0,000000
174 1734111884 0,800000 -1,000000 -101,000000 0,000000 0,000000
174 1734111885 0,800000 -1,000000 -101,000000 0,000000 0,000000
174 1734111886 0,800000 -1,000000 -101,000000 0,000000 0,000000
174 1734111887 0,400000 -1,000000 -101,000000 0,000000 0,000000
174 1734111888 0,400000 -1,000000 -101,000000 0,000000 0,000000
174 1734111889 0,400000 -1,000000 -101,000000 0,000000 0,000000
174 1734111890 0,400000 -1,000000 -101,000000 0,000000 0,000000
174 1734111891 0,400000 -1,000000 -101,000000 0,000000 0,000000
174 1734111892 0,600000 -1,000000 -101,000000 0,000000 0,000000
174 1734111893 0,600000 -1,000000 -101,000000 0,000000 0,000000
174 1734111894 0,600000 -1,000000 -101,000000 0,000000 0,000000
174 1734111895 0,600000 -1,000000 -101,000000 0,000000 0,000000
174 1734111896 0,600000 -1,000000 -101,000000 0,000000 0,000000
174 1734111897 0,800000 -1,000000 -101,000000 0,000000 0,000000
174 1734111898 0,800000 -1,000000 -101,000000 0,000000 0,000000
174 1734111899 0,800000 -1,000000 -101,000000 0,000000 0,000000
174 1734111900 0,800000 -1,000000 -101,000000 0,000000 0,000000
174 1734111901 0,800000 -1,000000 -101,000000 0,000000 0,000000
174 1734111902 0,400000 -1,000000 -101,000000 0,000000 0,000000
174 1734111903 0,400000 -1,000000 -101,000000 0,000000 0,000000
174 1734111904 0,400000 -1,000000 -101,000000 0,000000 0,000000
174 1734111905 0,400000 -1,000000 -101,000000 0,000000 0,000000
174 1734111906 0,400000 -1,000000 -101,000000 0,000000 0,000000
174 1734111907 0,800000 -1,000000 -101,000000 0,000000 0,000000
174 1734111908 0,800000 -1,000000 -101,000000 0,000000 0,000000
174 1734111909 0,800000 -1,000000 -101,000000 0,000000 0,000000
174 1734111910 0,800000 -1,000000 -101,000000 0,000000 0,000000
174 1734111911 0,800000 -1,000000 -101,000000 0,000000 0,000000
174 1734111912 1,200000 -1,000000 -101,000000 0,000000 0,000000
174 1734111913 1,200000 -1,000000 -101,000000 0,000000 0,000000
174 1734111914 1,200000 -1,000000 -101,000000 0,000000 0,000000
174 1734111915 1,200000 -1,000000 -101,000000 0,000000 0,000000
174 1734111916 1,200000 -1,000000 -101,000000 0,000000 0,000000
174 1734111917 1,600000 -1,000000 -101,000000 0,000000 0,000000
174 1734111918 1,600000 -1,000000 -101,000000 0,000000 0,000000
174 1734111919 1,600000 -1,000000 -101,000000 0,000000 0,000000
174 1734111920 1,600000 -1,000000 -101,000000 0,000000 0,000000
174 1734111921 1,600000 -1,000000 -101,000000 0,000000 0,000000
174 1734111922 1,800000 -1,000000 -101,000000 0,000000 0,000000
174 1734111923 1,800000 -1,000000 -101,000000 0,000000 0,000000
174 1734111924 1,800000 -1,000000 -101,000000 0,000000 0,000000
174 1734111925 1,800000 -1,000000 -101,000000 0,000000 0,000000
174 1734111926 1,800000 -1,000000 -101,000000 0,000000 0,000000
174 1734111927 3,400000 -1,000000 -101,000000 0,000000 0,000000
174 1734111928 3,400000 -1,000000 -101,000000 0,000000 0,000000
174 1734111929 3,400000 -1,000000 -101,000000 0,000000 0,000000
174 1734111930 3,400000 -1,000000 -101,000000 0,000000 0,000000
174 1734111931 3,400000 -1,000000 -101,000000 0,000000 0,000000
174 1734111932 0,400000 -1,000000 -101,000000 0,000000 0,000000
174 1734111933 0,400000 -1,000000 -101,000000 0,000000 0,000000
174 1734111934 0,400000 -1,000000 -101,000000 0,000000 0,000000
174 1734111935 0,400000 -1,000000 -101,000000 0,000000 0,000000
174 1734111936 0,400000 -1,000000 -101,000000 0,000000 0,000000
174 1734111942 1,000000 -1,000000 -101,000000 0,000000 0,000000
174 1734111943 1,000000 -1,000000 -101,000000 0,000000 0,000000
174 1734111944 1,000000 -1,000000 -101,000000 0,000000 0,000000
174 1734111945 1,000000 -1,000000 -101,000000 0,000000 0,000000
174 1734111946 1,000000 -1,000000 -101,000000 0,000000 0,000000
174 1734111947 2,200000 -1,000000 -101,000000 0,000000 0,000000
174 1734111948 2,200000 -1,000000 -101,000000 0,000000 0,000000
174 1734111949 2,200000 -1,000000 -101,000000 0,000000 0,000000
174 1734111950 2,200000 -1,000000 -101,000000 0,000000 0,000000
174 1734111951 2,200000 -1,000000 -101,000000 0,000000 0,000000
174 1734111952 0,400000 -1,000000 -101,000000 0,000000 0,000000
174 1734111953 0,400000 -1,000000 -101,000000 0,000000 0,000000
174 1734111954 0,400000 -1,000000 -101,000000 0,000000 0,000000
174 1734111955 0,400000 -1,000000 -101,000000 0,000000 0,000000
174 1734111956 0,400000 -1,000000 -101,000000 0,000000 0,000000
174 1734111957 0,200000 -1,000000 -101,000000 0,000000 0,000000
174 1734111958 0,200000 -1,000000 -101,000000 0,000000 0,000000
174 1734111959 0,200000 -1,000000 -101,000000 0,000000 0,000000
174 1734111960 0,200000 -1,000000 -101,000000 0,000000 0,000000
174 1734111961 0,200000 -1,000000 -101,000000 0,000000 0,000000
174 1734111962 0,600000 -1,000000 -101,000000 0,000000 0,000000
174 1734111963 0,600000 -1,000000 -101,000000 0,000000 0,000000
174 1734111964 0,600000 -1,000000 -101,000000 0,000000 0,000000
174 1734111965 0,600000 -1,000000 -101,000000 0,000000 0,000000
174 1734111966 0,600000 -1,000000 -101,000000 0,000000 0,000000
174 1734111967 0,600000 -1,000000 -101,000000 0,000000 0,000000
174 1734111968 0,600000 -1,000000 -101,000000 0,000000 0,000000
174 1734111969 0,600000 -1,000000 -101,000000 0,000000 0,000000
174 1734111970 0,600000 -1,000000 -101,000000 0,000000 0,000000
174 1734111971 0,600000 -1,000000 -101,000000 0,000000 0,000000
174 1734111972 1,400000 -1,000000 -101,000000 0,000000 0,000000
174 1734111973 1,400000 -1,000000 -101,000000 0,000000 0,000000
174 1734111974 1,400000 -1,000000 -101,000000 0,000000 0,000000
174 1734111975 1,400000 -1,000000 -101,000000 0,000000 0,000000
174 1734111976 1,400000 -1,000000 -101,000000 0,000000 0,000000
174 1734111977 1,000000 -1,000000 -101,000000 0,000000 0,000000
174 1734111978 1,000000 -1,000000 -101,000000 0,000000 0,000000
174 1734111979 1,000000 -1,000000 -101,000000 0,000000 0,000000
174 1734111980 1,000000 -1,000000 -101,000000 0,000000 0,000000
174 1734111981 1,000000 -1,000000 -101,000000 0,000000 0,000000
174 1734111982 0,400000 -1,000000 -101,000000 0,000000 0,000000
174 1734111983 0,400000 -1,000000 -101,000000 0,000000 0,000000
174 1734111984 0,400000 -1,000000 -101,000000 0,000000 0,000000
174 1734111985 0,400000 -1,000000 -101,000000 0,000000 0,000000
174 1734111986 0,400000 -1,000000 -101,000000 0,000000 0,000000
174 1734111987 1,200000 -1,000000 -101,000000 0,000000 0,000000
174 1734111988 1,200000 -1,000000 -101,000000 0,000000 0,000000
174 1734111989 1,200000 -1,000000 -101,000000 0,000000 0,000000
174 1734111990 1,200000 -1,000000 -101,000000 0,000000 0,000000
174 1734111991 1,200000 -1,000000 -101,000000 0,000000 0,000000
174 1734111992 1,400000 -1,000000 -101,000000 0,000000 0,000000
174 1734111993 1,400000 -1,000000 -101,000000 0,000000 0,000000
174 1734111994 1,400000 -1,000000 -101,000000 0,000000 0,000000
174 1734111995 1,400000 -1,000000 -101,000000 0,000000 0,000000
174 1734111996 1,400000 -1,000000 -101,000000 0,000000 0,000000
174 1734111997 1,200000 -1,000000 -101,000000 0,000000 0,000000
174 1734111998 1,200000 -1,000000 -101,000000 0,000000 0,000000
174 1734111999 1,200000 -1,000000 -101,000000 0,000000 0,000000
174 1734112000 1,200000 -1,000000 -101,000000 0,000000 0,000000
174 1734112001 1,200000 -1,000000 -101,000000 0,000000 0,000000
174 1734112002 3,400000 -1,000000 -101,000000 0,000000 0,000000
174 1734112003 3,400000 -1,000000 -101,000000 0,000000 0,000000
174 1734112004 3,400000 -1,000000 -101,000000 0,000000 0,000000
174 1734112005 3,400000 -1,000000 -101,000000 0,000000 0,000000
174 1734112006 3,400000 -1,000000 -101,000000 0,000000 0,000000
174 1734112007 1,400000 -1,000000 -101,000000 0,000000 0,000000
174 1734112008 1,400000 -1,000000 -101,000000 0,000000 0,000000
174 1734112009 1,400000 -1,000000 -101,000000 0,000000 0,000000
174 1734112010 1,400000 -1,000000 -101,000000 0,000000 0,000000
174 1734112011 1,400000 -1,000000 -101,000000 0,000000 0,000000
174 1734112012 0,200000 -1,000000 -101,000000 0,000000 0,000000
174 1734112013 0,200000 -1,000000 -101,000000 0,000000 0,000000
174 1734112014 0,200000 -1,000000 -101,000000 0,000000 0,000000
174 1734112015 0,200000 -1,000000 -101,000000 0,000000 0,000000
174 1734112016 0,200000 -1,000000 -101,000000 0,000000 0,000000
174 1734112017 0,200000 -1,000000 -101,000000 0,000000 0,000000
174 1734112018 0,200000 -1,000000 -101,000000 0,000000 0,000000
174 1734112019 0,200000 -1,000000 -101,000000 0,000000 0,000000
174 1734112020 0,200000 -1,000000 -101,000000 0,000000 0,000000
174 1734112021 0,200000 -1,000000 -101,000000 0,000000 0,000000
174 1734112022 1,400000 -1,000000 -101,000000 0,000000 0,000000
174 1734112023 1,400000 -1,000000 -101,000000 0,000000 0,000000
174 1734112024 1,400000 -1,000000 -101,000000 0,000000 0,000000
174 1734112025 1,400000 -1,000000 -101,000000 0,000000 0,000000
174 1734112026 1,400000 -1,000000 -101,000000 0,000000 0,000000
174 1734112027 2,600000 -1,000000 -101,000000 0,000000 0,000000
174 1734112028 2,600000 -1,000000 -101,000000 0,000000 0,000000
174 1734112029 2,600000 -1,000000 -101,000000 0,000000 0,000000
174 1734112030 2,600000 -1,000000 -101,000000 0,000000 0,000000
174 1734112031 2,600000 -1,000000 -101,000000 0,000000 0,000000
174 1734112032 0,400000 -1,000000 -101,000000 0,000000 0,000000
174 1734112033 0,400000 -1,000000 -101,000000 0,000000 0,000000
174 1734112034 0,400000 -1,000000 -101,000000 0,000000 0,000000
174 1734112035 0,400000 -1,000000 -101,000000 0,000000 0,000000
174 1734112036 0,400000 -1,000000 -101,000000 0,000000 0,000000
174 1734112037 0,400000 -1,000000 -101,000000 0,000000 0,000000
174 1734112038 0,400000 -1,000000 -101,000000 0,000000 0,000000
174 1734112039 0,400000 -1,000000 -101,000000 0,000000 0,000000
174 1734112040 0,400000 -1,000000 -101,000000 0,000000 0,000000
174 1734112041 0,400000 -1,000000 -101,000000 0,000000 0,000000
174 1734112042 0,600000 -1,000000 -101,000000 0,000000 0,000000
174 1734112043 0,600000 -1,000000 -101,000000 0,000000 0,000000
174 1734112044 0,600000 -1,000000 -101,000000 0,000000 0,000000
174 1734112045 0,600000 -1,000000 -101,000000 0,000000 0,000000
174 1734112046 0,600000 -1,000000 -101,000000 0,000000 0,000000
174 1734112047 0,800000 -1,000000 -101,000000 0,000000 0,000000
174 1734112048 0,800000 -1,000000 -101,000000 0,000000 0,000000
174 1734112049 0,800000 -1,000000 -101,000000 0,000000 0,000000
174 1734112050 0,800000 -1,000000 -101,000000 0,000000 0,000000
174 1734112051 0,800000 -1,000000 -101,000000 0,000000 0,000000
174 1734112052 0,400000 -1,000000 -101,000000 0,000000 0,000000
174 1734112053 0,400000 -1,000000 -101,000000 0,000000 0,000000
174 1734112054 0,400000 -1,000000 -101,000000 0,000000 0,000000
174 1734112055 0,400000 -1,000000 -101,000000 0,000000 0,000000
174 1734112056 0,400000 -1,000000 -101,000000 0,000000 0,000000
174 1734112057 0,400000 -1,000000 -101,000000 0,000000 0,000000
174 1734112058 0,400000 -1,000000 -101,000000 0,000000 0,000000
174 1734112059 0,400000 -1,000000 -101,000000 0,000000 0,000000
174 1734112060 0,400000 -1,000000 -101,000000 0,000000 0,000000
174 1734112061 0,400000 -1,000000 -101,000000 0,000000 0,000000
174 1734112062 0,800000 -1,000000 -101,000000 0,000000 0,000000
174 1734112063 0,800000 -1,000000 -101,000000 0,000000 0,000000
174 1734112064 0,800000 -1,000000 -101,000000 0,000000 0,000000
174 1734112065 0,800000 -1,000000 -101,000000 0,000000 0,000000
174 1734112066 0,800000 -1,000000 -101,000000 0,000000 0,000000
174 1734112067 1,000000 -1,000000 -101,000000 0,000000 0,000000
174 1734112068 1,000000 -1,000000 -101,000000 0,000000 0,000000
174 1734112069 1,000000 -1,000000 -101,000000 0,000000 0,000000
174 1734112070 1,000000 -1,000000 -101,000000 0,000000 0,000000
174 1734112071 1,000000 -1,000000 -101,000000 0,000000 0,000000
174 1734112072 1,600000 -1,000000 -101,000000 0,000000 0,000000
174 1734112073 1,600000 -1,000000 -101,000000 0,000000 0,000000
174 1734112074 1,600000 -1,000000 -101,000000 0,000000 0,000000
174 1734112075 1,600000 -1,000000 -101,000000 0,000000 0,000000
174 1734112076 1,600000 -1,000000 -101,000000 0,000000 0,000000
174 1734112077 3,000000 -1,000000 -101,000000 0,000000 0,000000
174 1734112078 3,000000 -1,000000 -101,000000 0,000000 0,000000
174 1734112079 3,000000 -1,000000 -101,000000 0,000000 0,000000
174 1734112080 3,000000 -1,000000 -101,000000 0,000000 0,000000
174 1734112081 3,000000 -1,000000 -101,000000 0,000000 0,000000
174 1734112082 1,200000 -1,000000 -101,000000 0,000000 0,000000
174 1734112083 1,200000 -1,000000 -101,000000 0,000000 0,000000
174 1734112084 1,200000 -1,000000 -101,000000 0,000000 0,000000
174 1734112085 1,200000 -1,000000 -101,000000 0,000000 0,000000
174 1734112086 1,200000 -1,000000 -101,000000 0,000000 0,000000
174 1734112087 0,800000 -1,000000 -101,000000 0,000000 0,000000
174 1734112088 0,800000 -1,000000 -101,000000 0,000000 0,000000
174 1734112089 0,800000 -1,000000 -101,000000 0,000000 0,000000
174 1734112090 0,800000 -1,000000 -101,000000 0,000000 0,000000
174 1734112091 0,800000 -1,000000 -101,000000 0,000000 0,000000
174 1734112097 0,400000 -1,000000 -101,000000 0,000000 0,000000
174 1734112098 0,400000 -1,000000 -101,000000 0,000000 0,000000
174 1734112099 0,400000 -1,000000 -101,000000 0,000000 0,000000
174 1734112100 0,400000 -1,000000 -101,000000 0,000000 0,000000
174 1734112101 0,400000 -1,000000 -101,000000 0,000000 0,000000
174 1734112102 1,600000 -1,000000 -101,000000 0,000000 0,000000
174 1734112103 1,600000 -1,000000 -101,000000 0,000000 0,000000
174 1734112104 1,600000 -1,000000 -101,000000 0,000000 0,000000
174 1734112105 1,600000 -1,000000 -101,000000 0,000000 0,000000
174 1734112106 1,600000 -1,000000 -101,000000 0,000000 0,000000
174 1734112107 2,600000 -1,000000 -101,000000 0,000000 0,000000
174 1734112108 2,600000 -1,000000 -101,000000 0,000000 0,000000
174 1734112109 2,600000 -1,000000 -101,000000 0,000000 0,000000
174 1734112110 2,600000 -1,000000 -101,000000 0,000000 0,000000
174 1734112111 2,600000 -1,000000 -101,000000 0,000000 0,000000
174 1734112112 0,600000 -1,000000 -101,000000 0,000000 0,000000
174 1734112113 0,600000 -1,000000 -101,000000 0,000000 0,000000
174 1734112114 0,600000 -1,000000 -101,000000 0,000000 0,000000
174 1734112115 0,600000 -1,000000 -101,000000 0,000000 0,000000
174 1734112116 0,600000 -1,000000 -101,000000 0,000000 0,000000
174 1734112117 0,400000 -1,000000 -101,000000 0,000000 0,000000
174 1734112118 0,400000 -1,000000 -101,000000 0,000000 0,000000
174 1734112119 0,400000 -1,000000 -101,000000 0,000000 0,000000
174 1734112120 0,400000 -1,000000 -101,000000 0,000000 0,000000
174 1734112121 0,400000 -1,000000 -101,000000 0,000000 0,000000
174 1734112122 1,600000 -1,000000 -101,000000 0,000000 0,000000
174 1734112123 1,600000 -1,000000 -101,000000 0,000000 0,000000
174 1734112124 1,600000 -1,000000 -101,000000 0,000000 0,000000
174 1734112125 1,600000 -1,000000 -101,000000 0,000000 0,000000
174 1734112126 1,600000 -1,000000 -101,000000 0,000000 0,000000
174 1734112127 0,400000 -1,000000 -101,000000 0,000000 0,000000
174 1734112128 0,400000 -1,000000 -101,000000 0,000000 0,000000
174 1734112129 0,400000 -1,000000 -101,000000 0,000000 0,000000
174 1734112130 0,400000 -1,000000 -101,000000 0,000000 0,000000
174 1734112131 0,400000 -1,000000 -101,000000 0,000000 0,000000
174 1734112132 0,600000 -1,000000 -101,000000 0,000000 0,000000
174 1734112133 0,600000 -1,000000 -101,000000 0,000000 0,000000
174 1734112134 0,600000 -1,000000 -101,000000 0,000000 0,000000
174 1734112135 0,600000 -1,000000 -101,000000 0,000000 0,000000
174 1734112136 0,600000 -1,000000 -101,000000 0,000000 0,000000
174 1734112137 1,000000 -1,000000 -101,000000 0,000000 0,000000
174 1734112138 1,000000 -1,000000 -101,000000 0,000000 0,000000
174 1734112139 1,000000 -1,000000 -101,000000 0,000000 0,000000
174 1734112140 1,000000 -1,000000 -101,000000 0,000000 0,000000
174 1734112141 1,000000 -1,000000 -101,000000 0,000000 0,000000
174 1734112142 0,400000 -1,000000 -101,000000 0,000000 0,000000
174 1734112143 0,400000 -1,000000 -101,000000 0,000000 0,000000
174 1734112144 0,400000 -1,000000 -101,000000 0,000000 0,000000
174 1734112145 0,400000 -1,000000 -101,000000 0,000000 0,000000
174 1734112146 0,400000 -1,000000 -101,000000 0,000000 0,000000
174 1734112147 1,400000 -1,000000 -101,000000 0,000000 0,000000
174 1734112148 1,400000 -1,000000 -101,000000 0,000000 0,000000
174 1734112149 1,400000 -1,000000 -101,000000 0,000000 0,000000
174 1734112150 1,400000 -1,000000 -101,000000 0,000000 0,000000
174 1734112151 1,400000 -1,000000 -101,000000 0,000000 0,000000
174 1734112152 2,000000 -1,000000 -101,000000 0,000000 0,000000
174 1734112153 2,000000 -1,000000 -101,000000 0,000000 0,000000
174 1734112154 2,000000 -1,000000 -101,000000 0,000000 0,000000
174 1734112155 2,000000 -1,000000 -101,000000 0,000000 0,000000
174 1734112156 2,000000 -1,000000 -101,000000 0,000000 0,000000
174 1734112157 1,600000 -1,000000 -101,000000 0,000000 0,000000
174 1734112158 1,600000 -1,000000 -101,000000 0,000000 0,000000
174 1734112159 1,600000 -1,000000 -101,000000 0,000000 0,000000
174 1734112160 1,600000 -1,000000 -101,000000 0,000000 0,000000
174 1734112161 1,600000 -1,000000 -101,000000 0,000000 0,000000
174 1734112162 1,400000 -1,000000 -101,000000 0,000000 0,000000
174 1734112163 1,400000 -1,000000 -101,000000 0,000000 0,000000
174 1734112164 1,400000 -1,000000 -101,000000 0,000000 0,000000
174 1734112165 1,400000 -1,000000 -101,000000 0,000000 0,000000
174 1734112166 1,400000 -1,000000 -101,000000 0,000000 0,000000
174 1734112167 1,400000 -1,000000 -101,000000 0,000000 0,000000
174 1734112168 1,400000 -1,000000 -101,000000 0,000000 0,000000
174 1734112169 1,400000 -1,000000 -101,000000 0,000000 0,000000
174 1734112170 1,400000 -1,000000 -101,000000 0,000000 0,000000
174 1734112171 1,400000 -1,000000 -101,000000 0,000000 0,000000
174 1734112172 0,200000 -1,000000 -101,000000 0,000000 0,000000
174 1734112173 0,200000 -1,000000 -101,000000 0,000000 0,000000
174 1734112174 0,200000 -1,000000 -101,000000 0,000000 0,000000
174 1734112175 0,200000 -1,000000 -101,000000 0,000000 0,000000
174 1734112176 0,200000 -1,000000 -101,000000 0,000000 0,000000
174 1734112177 0,400000 -1,000000 -101,000000 0,000000 0,000000
174 1734112178 0,400000 -1,000000 -101,000000 0,000000 0,000000
174 1734112179 0,400000 -1,000000 -101,000000 0,000000 0,000000
174 1734112180 0,400000 -1,000000 -101,000000 0,000000 0,000000
174 1734112181 0,400000 -1,000000 -101,000000 0,000000 0,000000
174 1734112182 1,400000 -1,000000 -101,000000 0,000000 0,000000
174 1734112183 1,400000 -1,000000 -101,000000 0,000000 0,000000
174 1734112184 1,400000 -1,000000 -101,000000 0,000000 0,000000
174 1734112185 1,400000 -1,000000 -101,000000 0,000000 0,000000
174 1734112186 1,400000 -1,000000 -101,000000 0,000000 0,000000
174 1734112187 2,800000 -1,000000 -101,000000 0,000000 0,000000
174 1734112188 2,800000 -1,000000 -101,000000 0,000000 0,000000
174 1734112189 2,800000 -1,000000 -101,000000 0,000000 0,000000
174 1734112190 2,800000 -1,000000 -101,000000 0,000000 0,000000
174 1734112191 2,800000 -1,000000 -101,000000 0,000000 0,000000
174 1734112192 0,600000 -1,000000 -101,000000 0,000000 0,000000
174 1734112193 0,600000 -1,000000 -101,000000 0,000000 0,000000
174 1734112194 0,600000 -1,000000 -101,000000 0,000000 0,000000
174 1734112195 0,600000 -1,000000 -101,000000 0,000000 0,000000
174 1734112196 0,600000 -1,000000 -101,000000 0,000000 0,000000
174 1734112197 0,400000 -1,000000 -101,000000 0,000000 0,000000
174 1734112198 0,400000 -1,000000 -101,000000 0,000000 0,000000
174 1734112199 0,400000 -1,000000 -101,000000 0,000000 0,000000
174 1734112261 0,800000 -1,000000 0,800000 0,800000 0,000000
174 1734112260 0,800000 -1,000000 0,800000 0,800000 0,000000
174 1734112259 0,800000 -1,000000 0,800000 0,800000 0,000000
174 1734112258 0,800000 -1,000000 0,800000 0,800000 0,000000
174 1734112257 0,800000 -1,000000 0,800000 0,800000 0,000000
174 1734112256 0,600000 -1,000000 0,600000 0,600000 0,000000
174 1734112255 0,600000 -1,000000 0,600000 0,600000 0,000000
174 1734112254 0,600000 -1,000000 0,600000 0,600000 0,000000
174 1734112253 0,600000 -1,000000 0,600000 0,600000 0,000000
174 1734112252 0,600000 -1,000000 0,600000 0,600000 0,000000
174 1734112251 1,200000 -1,000000 1,200000 1,200000 0,000000
174 1734112250 1,200000 -1,000000 1,200000 1,200000 0,000000
174 1734112249 1,200000 -1,000000 1,200000 1,200000 0,000000
174 1734112248 1,200000 -1,000000 1,200000 1,200000 0,000000
174 1734112247 1,200000 -1,000000 1,200000 1,200000 0,000000
174 1734112246 1,600000 -1,000000 1,600000 1,600000 0,000000
174 1734112245 1,600000 -1,000000 1,600000 1,600000 0,000000
174 1734112244 1,600000 -1,000000 1,600000 1,600000 0,000000
174 1734112243 1,600000 -1,000000 1,600000 1,600000 0,000000
174 1734112242 1,600000 -1,000000 1,600000 1,600000 0,000000
174 1734112241 0,800000 -1,000000 0,800000 0,800000 0,000000
174 1734112240 0,800000 -1,000000 0,800000 0,800000 0,000000
174 1734112239 0,800000 -1,000000 0,800000 0,800000 0,000000
174 1734112238 0,800000 -1,000000 0,800000 0,800000 0,000000
174 1734112237 0,800000 -1,000000 0,800000 0,800000 0,000000
174 1734112236 2,000000 -1,000000 2,000000 2,000000 0,000000
174 1734112235 2,000000 -1,000000 2,000000 2,000000 0,000000
174 1734112234 2,000000 -1,000000 2,000000 2,000000 0,000000
174 1734112233 2,000000 -1,000000 2,000000 2,000000 0,000000
174 1734112232 2,000000 -1,000000 2,000000 2,000000 0,000000
174 1734112231 0,400000 -1,000000 0,400000 0,400000 0,000000
174 1734112230 0,400000 -1,000000 0,400000 0,400000 0,000000
174 1734112229 0,400000 -1,000000 0,400000 0,400000 0,000000
174 1734112228 0,400000 -1,000000 0,400000 0,400000 0,000000
174 1734112227 0,400000 -1,000000 0,400000 0,400000 0,000000
174 1734112226 1,000000 -1,000000 1,000000 1,000000 0,000000
174 1734112225 1,000000 -1,000000 1,000000 1,000000 0,000000
174 1734112224 1,000000 -1,000000 1,000000 1,000000 0,000000
174 1734112223 1,000000 -1,000000 1,000000 1,000000 0,000000
174 1734112222 1,000000 -1,000000 1,000000 1,000000 0,000000
174 1734112221 1,000000 -1,000000 1,000000 1,000000 0,000000
174 1734112220 1,000000 -1,000000 1,000000 1,000000 0,000000
174 1734112219 1,000000 -1,000000 1,000000 1,000000 0,000000
174 1734112218 1,000000 -1,000000 1,000000 1,000000 0,000000
174 1734112217 1,000000 -1,000000 1,000000 1,000000 0,000000
174 1734112216 0,800000 -1,000000 0,800000 0,800000 0,000000
174 1734112215 0,800000 -1,000000 0,800000 0,800000 0,000000
174 1734112214 0,800000 -1,000000 0,800000 0,800000 0,000000
174 1734112213 0,800000 -1,000000 0,800000 0,800000 0,000000
174 1734112212 0,800000 -1,000000 0,800000 0,800000 0,000000
174 1734112211 0,600000 -1,000000 0,600000 0,600000 0,000000
174 1734112210 0,600000 -1,000000 0,600000 0,600000 0,000000
174 1734112209 0,600000 -1,000000 0,600000 0,600000 0,000000
174 1734112208 0,600000 -1,000000 0,600000 0,600000 0,000000
174 1734112207 0,600000 -1,000000 0,600000 0,600000 0,000000
174 1734112206 0,400000 -1,000000 0,400000 0,400000 0,000000
174 1734112205 0,400000 -1,000000 0,400000 0,400000 0,000000
174 1734112204 0,400000 -1,000000 0,400000 0,400000 0,000000
174 1734112203 0,400000 -1,000000 0,400000 0,400000 0,000000
174 1734112202 0,400000 -1,000000 0,400000 0,400000 0,000000
174 1734112201 0,400000 -1,000000 0,400000 0,400000 0,000000
174 1734112200 0,400000 -1,000000 0,400000 0,400000 0,000000
174 1734112200 0,400000 -1,000000 -101,000000 0,000000 0,000000
174 1734112201 0,400000 -1,000000 -101,000000 0,000000 0,000000
174 1734112202 0,400000 -1,000000 -101,000000 0,000000 0,000000
174 1734112203 0,400000 -1,000000 -101,000000 0,000000 0,000000
174 1734112204 0,400000 -1,000000 -101,000000 0,000000 0,000000
174 1734112205 0,400000 -1,000000 -101,000000 0,000000 0,000000
174 1734112206 0,400000 -1,000000 -101,000000 0,000000 0,000000
174 1734112207 0,600000 -1,000000 -101,000000 0,000000 0,000000
174 1734112208 0,600000 -1,000000 -101,000000 0,000000 0,000000
174 1734112209 0,600000 -1,000000 -101,000000 0,000000 0,000000
174 1734112210 0,600000 -1,000000 -101,000000 0,000000 0,000000
174 1734112211 0,600000 -1,000000 -101,000000 0,000000 0,000000
174 1734112212 0,800000 -1,000000 -101,000000 0,000000 0,000000
174 1734112213 0,800000 -1,000000 -101,000000 0,000000 0,000000
174 1734112214 0,800000 -1,000000 -101,000000 0,000000 0,000000
174 1734112215 0,800000 -1,000000 -101,000000 0,000000 0,000000
174 1734112216 0,800000 -1,000000 -101,000000 0,000000 0,000000
174 1734112217 1,000000 -1,000000 -101,000000 0,000000 0,000000
174 1734112218 1,000000 -1,000000 -101,000000 0,000000 0,000000
174 1734112219 1,000000 -1,000000 -101,000000 0,000000 0,000000
174 1734112220 1,000000 -1,000000 -101,000000 0,000000 0,000000
174 1734112221 1,000000 -1,000000 -101,000000 0,000000 0,000000
174 1734112222 1,000000 -1,000000 -101,000000 0,000000 0,000000
174 1734112223 1,000000 -1,000000 -101,000000 0,000000 0,000000
174 1734112224 1,000000 -1,000000 -101,000000 0,000000 0,000000
174 1734112225 1,000000 -1,000000 -101,000000 0,000000 0,000000
174 1734112226 1,000000 -1,000000 -101,000000 0,000000 0,000000
174 1734112227 0,400000 -1,000000 -101,000000 0,000000 0,000000
174 1734112228 0,400000 -1,000000 -101,000000 0,000000 0,000000
174 1734112229 0,400000 -1,000000 -101,000000 0,000000 0,000000
174 1734112230 0,400000 -1,000000 -101,000000 0,000000 0,000000
174 1734112231 0,400000 -1,000000 -101,000000 0,000000 0,000000
174 1734112232 2,000000 -1,000000 -101,000000 0,000000 0,000000
174 1734112233 2,000000 -1,000000 -101,000000 0,000000 0,000000
174 1734112234 2,000000 -1,000000 -101,000000 0,000000 0,000000
174 1734112235 2,000000 -1,000000 -101,000000 0,000000 0,000000
174 1734112236 2,000000 -1,000000 -101,000000 0,000000 0,000000
174 1734112237 0,800000 -1,000000 -101,000000 0,000000 0,000000
174 1734112238 0,800000 -1,000000 -101,000000 0,000000 0,000000
174 1734112239 0,800000 -1,000000 -101,000000 0,000000 0,000000
174 1734112240 0,800000 -1,000000 -101,000000 0,000000 0,000000
174 1734112241 0,800000 -1,000000 -101,000000 0,000000 0,000000
174 1734112242 1,600000 -1,000000 -101,000000 0,000000 0,000000
174 1734112243 1,600000 -1,000000 -101,000000 0,000000 0,000000
174 1734112244 1,600000 -1,000000 -101,000000 0,000000 0,000000
174 1734112245 1,600000 -1,000000 -101,000000 0,000000 0,000000
174 1734112246 1,600000 -1,000000 -101,000000 0,000000 0,000000
174 1734112247 1,200000 -1,000000 -101,000000 0,000000 0,000000
174 1734112248 1,200000 -1,000000 -101,000000 0,000000 0,000000
174 1734112249 1,200000 -1,000000 -101,000000 0,000000 0,000000
174 1734112250 1,200000 -1,000000 -101,000000 0,000000 0,000000
174 1734112251 1,200000 -1,000000 -101,000000 0,000000 0,000000
174 1734112252 0,600000 -1,000000 -101,000000 0,000000 0,000000
174 1734112253 0,600000 -1,000000 -101,000000 0,000000 0,000000
174 1734112254 0,600000 -1,000000 -101,000000 0,000000 0,000000
174 1734112255 0,600000 -1,000000 -101,000000 0,000000 0,000000
174 1734112256 0,600000 -1,000000 -101,000000 0,000000 0,000000
174 1734112257 0,800000 -1,000000 -101,000000 0,000000 0,000000
174 1734112258 0,800000 -1,000000 -101,000000 0,000000 0,000000
174 1734112259 0,800000 -1,000000 -101,000000 0,000000 0,000000
174 1734112260 0,800000 -1,000000 -101,000000 0,000000 0,000000
174 1734112261 0,800000 -1,000000 -101,000000 0,000000 0,000000
174 1734112262 1,800000 -1,000000 -101,000000 0,000000 0,000000
174 1734112263 1,800000 -1,000000 -101,000000 0,000000 0,000000
174 1734112264 1,800000 -1,000000 -101,000000 0,000000 0,000000
174 1734112265 1,800000 -1,000000 -101,000000 0,000000 0,000000
174 1734112266 1,800000 -1,000000 -101,000000 0,000000 0,000000
174 1734112267 2,600000 -1,000000 -101,000000 0,000000 0,000000
174 1734112268 2,600000 -1,000000 -101,000000 0,000000 0,000000
174 1734112269 2,600000 -1,000000 -101,000000 0,000000 0,000000
174 1734112270 2,600000 -1,000000 -101,000000 0,000000 0,000000
174 1734112271 2,600000 -1,000000 -101,000000 0,000000 0,000000
174 1734112272 0,400000 -1,000000 -101,000000 0,000000 0,000000
174 1734112273 0,400000 -1,000000 -101,000000 0,000000 0,000000
174 1734112274 0,400000 -1,000000 -101,000000 0,000000 0,000000
174 1734112275 0,400000 -1,000000 -101,000000 0,000000 0,000000
174 1734112276 0,400000 -1,000000 -101,000000 0,000000 0,000000
174 1734112277 1,000000 -1,000000 -101,000000 0,000000 0,000000
174 1734112278 1,000000 -1,000000 -101,000000 0,000000 0,000000
174 1734112279 1,000000 -1,000000 -101,000000 0,000000 0,000000
174 1734112280 1,000000 -1,000000 -101,000000 0,000000 0,000000
174 1734112281 1,000000 -1,000000 -101,000000 0,000000 0,000000
174 1734112282 0,600000 -1,000000 -101,000000 0,000000 0,000000
174 1734112283 0,600000 -1,000000 -101,000000 0,000000 0,000000
174 1734112284 0,600000 -1,000000 -101,000000 0,000000 0,000000
174 1734112285 0,600000 -1,000000 -101,000000 0,000000 0,000000
174 1734112286 0,600000 -1,000000 -101,000000 0,000000 0,000000
174 1734112287 0,600000 -1,000000 -101,000000 0,000000 0,000000
174 1734112288 0,600000 -1,000000 -101,000000 0,000000 0,000000
174 1734112289 0,600000 -1,000000 -101,000000 0,000000 0,000000
174 1734112290 0,600000 -1,000000 -101,000000 0,000000 0,000000
174 1734112291 0,600000 -1,000000 -101,000000 0,000000 0,000000
174 1734112292 1,800000 -1,000000 -101,000000 0,000000 0,000000
174 1734112293 1,800000 -1,000000 -101,000000 0,000000 0,000000
174 1734112294 1,800000 -1,000000 -101,000000 0,000000 0,000000
174 1734112295 1,800000 -1,000000 -101,000000 0,000000 0,000000
174 1734112296 1,800000 -1,000000 -101,000000 0,000000 0,000000
174 1734112297 0,200000 -1,000000 -101,000000 0,000000 0,000000
174 1734112298 0,200000 -1,000000 -101,000000 0,000000 0,000000
174 1734112299 0,200000 -1,000000 -101,000000 0,000000 0,000000
174 1734112300 0,200000 -1,000000 -101,000000 0,000000 0,000000
174 1734112301 0,200000 -1,000000 -101,000000 0,000000 0,000000
174 1734112302 0,200000 -1,000000 -101,000000 0,000000 0,000000
174 1734112303 0,200000 -1,000000 -101,000000 0,000000 0,000000
174 1734112304 0,200000 -1,000000 -101,000000 0,000000 0,000000
174 1734112305 0,200000 -1,000000 -101,000000 0,000000 0,000000
174 1734112306 0,200000 -1,000000 -101,000000 0,000000 0,000000
174 1734112307 1,800000 -1,000000 -101,000000 0,000000 0,000000
174 1734112308 1,800000 -1,000000 -101,000000 0,000000 0,000000
174 1734112309 1,800000 -1,000000 -101,000000 0,000000 0,000000
174 1734112310 1,800000 -1,000000 -101,000000 0,000000 0,000000
174 1734112311 1,800000 -1,000000 -101,000000 0,000000 0,000000
174 1734112312 1,600000 -1,000000 -101,000000 0,000000 0,000000
174 1734112313 1,600000 -1,000000 -101,000000 0,000000 0,000000
174 1734112314 1,600000 -1,000000 -101,000000 0,000000 0,000000
174 1734112315 1,600000 -1,000000 -101,000000 0,000000 0,000000
174 1734112316 1,600000 -1,000000 -101,000000 0,000000 0,000000
174 1734112317 0,800000 -1,000000 -101,000000 0,000000 0,000000
174 1734112318 0,800000 -1,000000 -101,000000 0,000000 0,000000
174 1734112319 0,800000 -1,000000 -101,000000 0,000000 0,000000
174 1734112320 0,800000 -1,000000 -101,000000 0,000000 0,000000
174 1734112321 0,800000 -1,000000 -101,000000 0,000000 0,000000
174 1734112322 1,600000 -1,000000 -101,000000 0,000000 0,000000
174 1734112323 1,600000 -1,000000 -101,000000 0,000000 0,000000
174 1734112324 1,600000 -1,000000 -101,000000 0,000000 0,000000
174 1734112325 1,600000 -1,000000 -101,000000 0,000000 0,000000
174 1734112326 1,600000 -1,000000 -101,000000 0,000000 0,000000
174 1734112327 1,200000 -1,000000 -101,000000 0,000000 0,000000
174 1734112328 1,200000 -1,000000 -101,000000 0,000000 0,000000
174 1734112329 1,200000 -1,000000 -101,000000 0,000000 0,000000
174 1734112330 1,200000 -1,000000 -101,000000 0,000000 0,000000
174 1734112331 1,200000 -1,000000 -101,000000 0,000000 0,000000
174 1734112332 0,600000 -1,000000 -101,000000 0,000000 0,000000
174 1734112333 0,600000 -1,000000 -101,000000 0,000000 0,000000
174 1734112334 0,600000 -1,000000 -101,000000 0,000000 0,000000
174 1734112335 0,600000 -1,000000 -101,000000 0,000000 0,000000
174 1734112336 0,600000 -1,000000 -101,000000 0,000000 0,000000
174 1734112337 0,600000 -1,000000 -101,000000 0,000000 0,000000
174 1734112338 0,600000 -1,000000 -101,000000 0,000000 0,000000
174 1734112339 0,600000 -1,000000 -101,000000 0,000000 0,000000
174 1734112340 0,600000 -1,000000 -101,000000 0,000000 0,000000
174 1734112341 0,600000 -1,000000 -101,000000 0,000000 0,000000
174 1734112342 1,000000 -1,000000 -101,000000 0,000000 0,000000
174 1734112343 1,000000 -1,000000 -101,000000 0,000000 0,000000
174 1734112344 1,000000 -1,000000 -101,000000 0,000000 0,000000
174 1734112345 1,000000 -1,000000 -101,000000 0,000000 0,000000
174 1734112346 1,000000 -1,000000 -101,000000 0,000000 0,000000
174 1734112347 2,800000 -1,000000 -101,000000 0,000000 0,000000
174 1734112348 2,800000 -1,000000 -101,000000 0,000000 0,000000
174 1734112349 2,800000 -1,000000 -101,000000 0,000000 0,000000
174 1734112350 2,800000 -1,000000 -101,000000 0,000000 0,000000
174 1734112351 2,800000 -1,000000 -101,000000 0,000000 0,000000
174 1734112352 0,800000 -1,000000 -101,000000 0,000000 0,000000
174 1734112353 0,800000 -1,000000 -101,000000 0,000000 0,000000
174 1734112354 0,800000 -1,000000 -101,000000 0,000000 0,000000
174 1734112355 0,800000 -1,000000 -101,000000 0,000000 0,000000
174 1734112356 0,800000 -1,000000 -101,000000 0,000000 0,000000
174 1734112357 0,800000 -1,000000 -101,000000 0,000000 0,000000
174 1734112358 0,800000 -1,000000 -101,000000 0,000000 0,000000
174 1734112359 0,800000 -1,000000 -101,000000 0,000000 0,000000
174 1734112360 0,800000 -1,000000 -101,000000 0,000000 0,000000
174 1734112361 0,800000 -1,000000 -101,000000 0,000000 0,000000
174 1734112362 1,000000 -1,000000 -101,000000 0,000000 0,000000
174 1734112363 1,000000 -1,000000 -101,000000 0,000000 0,000000
174 1734112364 1,000000 -1,000000 -101,000000 0,000000 0,000000
174 1734112365 1,000000 -1,000000 -101,000000 0,000000 0,000000
174 1734112366 1,000000 -1,000000 -101,000000 0,000000 0,000000
174 1734112367 1,000000 -1,000000 -101,000000 0,000000 0,000000
174 1734112368 1,000000 -1,000000 -101,000000 0,000000 0,000000
174 1734112369 1,000000 -1,000000 -101,000000 0,000000 0,000000
174 1734112370 1,000000 -1,000000 -101,000000 0,000000 0,000000
174 1734112371 1,000000 -1,000000 -101,000000 0,000000 0,000000
174 1734112382 1,200000 -1,000000 -101,000000 0,000000 0,000000
174 1734112383 1,200000 -1,000000 -101,000000 0,000000 0,000000
174 1734112384 1,200000 -1,000000 -101,000000 0,000000 0,000000
174 1734112385 1,200000 -1,000000 -101,000000 0,000000 0,000000
174 1734112386 1,200000 -1,000000 -101,000000 0,000000 0,000000
174 1734112387 0,800000 -1,000000 -101,000000 0,000000 0,000000
174 1734112388 0,800000 -1,000000 -101,000000 0,000000 0,000000
174 1734112389 0,800000 -1,000000 -101,000000 0,000000 0,000000
174 1734112390 0,800000 -1,000000 -101,000000 0,000000 0,000000
174 1734112391 0,800000 -1,000000 -101,000000 0,000000 0,000000
174 1734112392 1,200000 -1,000000 -101,000000 0,000000 0,000000
174 1734112393 1,200000 -1,000000 -101,000000 0,000000 0,000000
174 1734112394 1,200000 -1,000000 -101,000000 0,000000 0,000000
174 1734112395 1,200000 -1,000000 -101,000000 0,000000 0,000000
174 1734112396 1,200000 -1,000000 -101,000000 0,000000 0,000000
174 1734112397 1,400000 -1,000000 -101,000000 0,000000 0,000000
174 1734112398 1,400000 -1,000000 -101,000000 0,000000 0,000000
174 1734112399 1,400000 -1,000000 -101,000000 0,000000 0,000000
174 1734112400 1,400000 -1,000000 -101,000000 0,000000 0,000000
174 1734112401 1,400000 -1,000000 -101,000000 0,000000 0,000000
174 1734112402 2,000000 -1,000000 -101,000000 0,000000 0,000000
174 1734112403 2,000000 -1,000000 -101,000000 0,000000 0,000000
174 1734112404 2,000000 -1,000000 -101,000000 0,000000 0,000000
174 1734112405 2,000000 -1,000000 -101,000000 0,000000 0,000000
174 1734112406 2,000000 -1,000000 -101,000000 0,000000 0,000000
174 1734112407 1,600000 -1,000000 -101,000000 0,000000 0,000000
174 1734112408 1,600000 -1,000000 -101,000000 0,000000 0,000000
174 1734112409 1,600000 -1,000000 -101,000000 0,000000 0,000000
174 1734112410 1,600000 -1,000000 -101,000000 0,000000 0,000000
174 1734112411 1,600000 -1,000000 -101,000000 0,000000 0,000000
174 1734112412 0,400000 -1,000000 -101,000000 0,000000 0,000000
174 1734112413 0,400000 -1,000000 -101,000000 0,000000 0,000000
174 1734112414 0,400000 -1,000000 -101,000000 0,000000 0,000000
174 1734112415 0,400000 -1,000000 -101,000000 0,000000 0,000000
174 1734112416 0,400000 -1,000000 -101,000000 0,000000 0,000000
174 1734112417 0,200000 -1,000000 -101,000000 0,000000 0,000000
174 1734112418 0,200000 -1,000000 -101,000000 0,000000 0,000000
174 1734112419 0,200000 -1,000000 -101,000000 0,000000 0,000000
174 1734112420 0,200000 -1,000000 -101,000000 0,000000 0,000000
174 1734112421 0,200000 -1,000000 -101,000000 0,000000 0,000000
174 1734112422 1,400000 -1,000000 -101,000000 0,000000 0,000000
174 1734112423 1,400000 -1,000000 -101,000000 0,000000 0,000000
174 1734112424 1,400000 -1,000000 -101,000000 0,000000 0,000000
174 1734112425 1,400000 -1,000000 -101,000000 0,000000 0,000000
174 1734112426 1,400000 -1,000000 -101,000000 0,000000 0,000000
174 1734112427 3,400000 -1,000000 -101,000000 0,000000 0,000000
174 1734112428 3,400000 -1,000000 -101,000000 0,000000 0,000000
174 1734112429 3,400000 -1,000000 -101,000000 0,000000 0,000000
174 1734112430 3,400000 -1,000000 -101,000000 0,000000 0,000000
174 1734112431 3,400000 -1,000000 -101,000000 0,000000 0,000000
174 1734112432 0,800000 -1,000000 -101,000000 0,000000 0,000000
174 1734112433 0,800000 -1,000000 -101,000000 0,000000 0,000000
174 1734112434 0,800000 -1,000000 -101,000000 0,000000 0,000000
174 1734112435 0,800000 -1,000000 -101,000000 0,000000 0,000000
174 1734112436 0,800000 -1,000000 -101,000000 0,000000 0,000000
174 1734112437 0,600000 -1,000000 -101,000000 0,000000 0,000000
174 1734112438 0,600000 -1,000000 -101,000000 0,000000 0,000000
174 1734112439 0,600000 -1,000000 -101,000000 0,000000 0,000000
174 1734112440 0,600000 -1,000000 -101,000000 0,000000 0,000000
174 1734112441 0,600000 -1,000000 -101,000000 0,000000 0,000000
174 1734112442 1,400000 -1,000000 -101,000000 0,000000 0,000000
174 1734112443 1,400000 -1,000000 -101,000000 0,000000 0,000000
174 1734112444 1,400000 -1,000000 -101,000000 0,000000 0,000000
174 1734112445 1,400000 -1,000000 -101,000000 0,000000 0,000000
174 1734112446 1,400000 -1,000000 -101,000000 0,000000 0,000000
174 1734112447 0,200000 -1,000000 -101,000000 0,000000 0,000000
174 1734112448 0,200000 -1,000000 -101,000000 0,000000 0,000000
174 1734112449 0,200000 -1,000000 -101,000000 0,000000 0,000000
174 1734112450 0,200000 -1,000000 -101,000000 0,000000 0,000000
174 1734112451 0,200000 -1,000000 -101,000000 0,000000 0,000000
174 1734112452 0,200000 -1,000000 -101,000000 0,000000 0,000000
174 1734112453 0,200000 -1,000000 -101,000000 0,000000 0,000000
174 1734112454 0,200000 -1,000000 -101,000000 0,000000 0,000000
174 1734112455 0,200000 -1,000000 -101,000000 0,000000 0,000000
174 1734112456 0,200000 -1,000000 -101,000000 0,000000 0,000000
174 1734112457 2,000000 -1,000000 -101,000000 0,000000 0,000000
174 1734112458 2,000000 -1,000000 -101,000000 0,000000 0,000000
174 1734112459 2,000000 -1,000000 -101,000000 0,000000 0,000000
174 1734112460 2,000000 -1,000000 -101,000000 0,000000 0,000000
174 1734112461 2,000000 -1,000000 -101,000000 0,000000 0,000000
174 1734112462 0,200000 -1,000000 -101,000000 0,000000 0,000000
174 1734112463 0,200000 -1,000000 -101,000000 0,000000 0,000000
174 1734112464 0,200000 -1,000000 -101,000000 0,000000 0,000000
174 1734112465 0,200000 -1,000000 -101,000000 0,000000 0,000000
174 1734112466 0,200000 -1,000000 -101,000000 0,000000 0,000000
174 1734112467 0,800000 -1,000000 -101,000000 0,000000 0,000000
174 1734112468 0,800000 -1,000000 -101,000000 0,000000 0,000000
174 1734112469 0,800000 -1,000000 -101,000000 0,000000 0,000000
174 1734112470 0,800000 -1,000000 -101,000000 0,000000 0,000000
174 1734112471 0,800000 -1,000000 -101,000000 0,000000 0,000000
174 1734112472 1,200000 -1,000000 -101,000000 0,000000 0,000000
174 1734112473 1,200000 -1,000000 -101,000000 0,000000 0,000000
174 1734112474 1,200000 -1,000000 -101,000000 0,000000 0,000000
174 1734112475 1,200000 -1,000000 -101,000000 0,000000 0,000000
174 1734112476 1,200000 -1,000000 -101,000000 0,000000 0,000000
174 1734112477 1,000000 -1,000000 -101,000000 0,000000 0,000000
174 1734112478 1,000000 -1,000000 -101,000000 0,000000 0,000000
174 1734112479 1,000000 -1,000000 -101,000000 0,000000 0,000000
174 1734112480 1,000000 -1,000000 -101,000000 0,000000 0,000000
174 1734112481 1,000000 -1,000000 -101,000000 0,000000 0,000000
174 1734112482 1,600000 -1,000000 -101,000000 0,000000 0,000000
174 1734112483 1,600000 -1,000000 -101,000000 0,000000 0,000000
174 1734112484 1,600000 -1,000000 -101,000000 0,000000 0,000000
174 1734112485 1,600000 -1,000000 -101,000000 0,000000 0,000000
174 1734112486 1,600000 -1,000000 -101,000000 0,000000 0,000000
174 1734112487 1,400000 -1,000000 -101,000000 0,000000 0,000000
174 1734112488 1,400000 -1,000000 -101,000000 0,000000 0,000000
174 1734112489 1,400000 -1,000000 -101,000000 0,000000 0,000000
174 1734112490 1,400000 -1,000000 -101,000000 0,000000 0,000000
174 1734112491 1,400000 -1,000000 -101,000000 0,000000 0,000000
174 1734112492 0,600000 -1,000000 -101,000000 0,000000 0,000000
174 1734112493 0,600000 -1,000000 -101,000000 0,000000 0,000000
174 1734112494 0,600000 -1,000000 -101,000000 0,000000 0,000000
174 1734112495 0,600000 -1,000000 -101,000000 0,000000 0,000000
174 1734112496 0,600000 -1,000000 -101,000000 0,000000 0,000000
174 1734112497 0,400000 -1,000000 -101,000000 0,000000 0,000000
174 1734112498 0,400000 -1,000000 -101,000000 0,000000 0,000000
174 1734112499 0,400000 -1,000000 -101,000000 0,000000 0,000000
174 1734112500 0,400000 -1,000000 -101,000000 0,000000 0,000000
174 1734112501 0,400000 -1,000000 -101,000000 0,000000 0,000000
174 1734112502 2,600000 -1,000000 -101,000000 0,000000 0,000000
174 1734112503 2,600000 -1,000000 -101,000000 0,000000 0,000000
174 1734112504 2,600000 -1,000000 -101,000000 0,000000 0,000000
174 1734112505 2,600000 -1,000000 -101,000000 0,000000 0,000000
174 1734112506 2,600000 -1,000000 -101,000000 0,000000 0,000000
174 1734112507 2,600000 -1,000000 -101,000000 0,000000 0,000000
174 1734112508 2,600000 -1,000000 -101,000000 0,000000 0,000000
174 1734112509 2,600000 -1,000000 -101,000000 0,000000 0,000000
174 1734112510 2,600000 -1,000000 -101,000000 0,000000 0,000000
174 1734112511 2,600000 -1,000000 -101,000000 0,000000 0,000000
174 1734112512 1,000000 -1,000000 -101,000000 0,000000 0,000000
174 1734112513 1,000000 -1,000000 -101,000000 0,000000 0,000000
174 1734112514 1,000000 -1,000000 -101,000000 0,000000 0,000000
174 1734112515 1,000000 -1,000000 -101,000000 0,000000 0,000000
174 1734112516 1,000000 -1,000000 -101,000000 0,000000 0,000000
174 1734112532 1,000000 -1,000000 -101,000000 0,000000 0,000000
174 1734112533 1,000000 -1,000000 -101,000000 0,000000 0,000000
174 1734112534 1,000000 -1,000000 -101,000000 0,000000 0,000000
174 1734112535 1,000000 -1,000000 -101,000000 0,000000 0,000000
174 1734112536 1,000000 -1,000000 -101,000000 0,000000 0,000000
174 1734112537 1,000000 -1,000000 -101,000000 0,000000 0,000000
174 1734112538 1,000000 -1,000000 -101,000000 0,000000 0,000000
174 1734112539 1,000000 -1,000000 -101,000000 0,000000 0,000000
174 1734112540 1,000000 -1,000000 -101,000000 0,000000 0,000000
174 1734112541 1,000000 -1,000000 -101,000000 0,000000 0,000000
174 1734112542 0,600000 -1,000000 -101,000000 0,000000 0,000000
174 1734112543 0,600000 -1,000000 -101,000000 0,000000 0,000000
174 1734112544 0,600000 -1,000000 -101,000000 0,000000 0,000000
174 1734112545 0,600000 -1,000000 -101,000000 0,000000 0,000000
174 1734112546 0,600000 -1,000000 -101,000000 0,000000 0,000000
174 1734112547 1,200000 -1,000000 -101,000000 0,000000 0,000000
174 1734112548 1,200000 -1,000000 -101,000000 0,000000 0,000000
174 1734112549 1,200000 -1,000000 -101,000000 0,000000 0,000000
174 1734112550 1,200000 -1,000000 -101,000000 0,000000 0,000000
174 1734112551 1,200000 -1,000000 -101,000000 0,000000 0,000000
174 1734112552 1,600000 -1,000000 -101,000000 0,000000 0,000000
174 1734112553 1,600000 -1,000000 -101,000000 0,000000 0,000000
174 1734112554 1,600000 -1,000000 -101,000000 0,000000 0,000000
174 1734112555 1,600000 -1,000000 -101,000000 0,000000 0,000000
174 1734112556 1,600000 -1,000000 -101,000000 0,000000 0,000000
174 1734112557 1,200000 -1,000000 -101,000000 0,000000 0,000000
174 1734112558 1,200000 -1,000000 -101,000000 0,000000 0,000000
174 1734112559 1,200000 -1,000000 -101,000000 0,000000 0,000000
174 1734112560 1,200000 -1,000000 -101,000000 0,000000 0,000000
174 1734112561 1,200000 -1,000000 -101,000000 0,000000 0,000000
174 1734112562 1,400000 -1,000000 -101,000000 0,000000 0,000000
174 1734112563 1,400000 -1,000000 -101,000000 0,000000 0,000000
174 1734112564 1,400000 -1,000000 -101,000000 0,000000 0,000000
174 1734112565 1,400000 -1,000000 -101,000000 0,000000 0,000000
174 1734112566 1,400000 -1,000000 -101,000000 0,000000 0,000000
174 1734112567 1,200000 -1,000000 -101,000000 0,000000 0,000000
174 1734112568 1,200000 -1,000000 -101,000000 0,000000 0,000000
174 1734112569 1,200000 -1,000000 -101,000000 0,000000 0,000000
174 1734112570 1,200000 -1,000000 -101,000000 0,000000 0,000000
174 1734112571 1,200000 -1,000000 -101,000000 0,000000 0,000000
174 1734112572 0,400000 -1,000000 -101,000000 0,000000 0,000000
174 1734112573 0,400000 -1,000000 -101,000000 0,000000 0,000000
174 1734112574 0,400000 -1,000000 -101,000000 0,000000 0,000000
174 1734112575 0,400000 -1,000000 -101,000000 0,000000 0,000000
174 1734112576 0,400000 -1,000000 -101,000000 0,000000 0,000000
174 1734112577 1,000000 -1,000000 -101,000000 0,000000 0,000000
174 1734112578 1,000000 -1,000000 -101,000000 0,000000 0,000000
174 1734112579 1,000000 -1,000000 -101,000000 0,000000 0,000000
174 1734112580 1,000000 -1,000000 -101,000000 0,000000 0,000000
174 1734112581 1,000000 -1,000000 -101,000000 0,000000 0,000000
174 1734112582 2,200000 -1,000000 -101,000000 0,000000 0,000000
174 1734112583 2,200000 -1,000000 -101,000000 0,000000 0,000000
174 1734112584 2,200000 -1,000000 -101,000000 0,000000 0,000000
174 1734112585 2,200000 -1,000000 -101,000000 0,000000 0,000000
174 1734112586 2,200000 -1,000000 -101,000000 0,000000 0,000000
174 1734112587 3,200000 -1,000000 -101,000000 0,000000 0,000000
174 1734112588 3,200000 -1,000000 -101,000000 0,000000 0,000000
174 1734112589 3,200000 -1,000000 -101,000000 0,000000 0,000000
174 1734112590 3,200000 -1,000000 -101,000000 0,000000 0,000000
174 1734112591 3,200000 -1,000000 -101,000000 0,000000 0,000000
174 1734112592 0,600000 -1,000000 -101,000000 0,000000 0,000000
174 1734112593 0,600000 -1,000000 -101,000000 0,000000 0,000000
174 1734112594 0,600000 -1,000000 -101,000000 0,000000 0,000000
174 1734112595 0,600000 -1,000000 -101,000000 0,000000 0,000000
174 1734112596 0,600000 -1,000000 -101,000000 0,000000 0,000000
174 1734112597 0,200000 -1,000000 -101,000000 0,000000 0,000000
174 1734112598 0,200000 -1,000000 -101,000000 0,000000 0,000000
174 1734112599 0,200000 -1,000000 -101,000000 0,000000 0,000000
174 1734112600 0,200000 -1,000000 -101,000000 0,000000 0,000000
174 1734112601 0,200000 -1,000000 -101,000000 0,000000 0,000000
174 1734112602 0,800000 -1,000000 -101,000000 0,000000 0,000000
174 1734112603 0,800000 -1,000000 -101,000000 0,000000 0,000000
174 1734112604 0,800000 -1,000000 -101,000000 0,000000 0,000000
174 1734112605 0,800000 -1,000000 -101,000000 0,000000 0,000000
174 1734112606 0,800000 -1,000000 -101,000000 0,000000 0,000000
174 1734112607 0,800000 -1,000000 -101,000000 0,000000 0,000000
174 1734112608 0,800000 -1,000000 -101,000000 0,000000 0,000000
174 1734112609 0,800000 -1,000000 -101,000000 0,000000 0,000000
174 1734112610 0,800000 -1,000000 -101,000000 0,000000 0,000000
174 1734112611 0,800000 -1,000000 -101,000000 0,000000 0,000000
174 1734112612 0,800000 -1,000000 -101,000000 0,000000 0,000000
174 1734112613 0,800000 -1,000000 -101,000000 0,000000 0,000000
174 1734112614 0,800000 -1,000000 -101,000000 0,000000 0,000000
174 1734112615 0,800000 -1,000000 -101,000000 0,000000 0,000000
174 1734112616 0,800000 -1,000000 -101,000000 0,000000 0,000000
174 1734112617 0,600000 -1,000000 -101,000000 0,000000 0,000000
174 1734112618 0,600000 -1,000000 -101,000000 0,000000 0,000000
174 1734112619 0,600000 -1,000000 -101,000000 0,000000 0,000000
174 1734112620 0,600000 -1,000000 -101,000000 0,000000 0,000000
174 1734112621 0,600000 -1,000000 -101,000000 0,000000 0,000000
174 1734112622 0,200000 -1,000000 -101,000000 0,000000 0,000000
174 1734112623 0,200000 -1,000000 -101,000000 0,000000 0,000000
174 1734112624 0,200000 -1,000000 -101,000000 0,000000 0,000000
174 1734112625 0,200000 -1,000000 -101,000000 0,000000 0,000000
174 1734112626 0,200000 -1,000000 -101,000000 0,000000 0,000000
174 1734112627 0,800000 -1,000000 -101,000000 0,000000 0,000000
174 1734112628 0,800000 -1,000000 -101,000000 0,000000 0,000000
174 1734112629 0,800000 -1,000000 -101,000000 0,000000 0,000000
174 1734112630 0,800000 -1,000000 -101,000000 0,000000 0,000000
174 1734112631 0,800000 -1,000000 -101,000000 0,000000 0,000000
174 1734112632 1,400000 -1,000000 -101,000000 0,000000 0,000000
174 1734112633 1,400000 -1,000000 -101,000000 0,000000 0,000000
174 1734112634 1,400000 -1,000000 -101,000000 0,000000 0,000000
174 1734112635 1,400000 -1,000000 -101,000000 0,000000 0,000000
174 1734112636 1,400000 -1,000000 -101,000000 0,000000 0,000000
174 1734112637 1,400000 -1,000000 -101,000000 0,000000 0,000000
174 1734112638 1,400000 -1,000000 -101,000000 0,000000 0,000000
174 1734112639 1,400000 -1,000000 -101,000000 0,000000 0,000000
174 1734112640 1,400000 -1,000000 -101,000000 0,000000 0,000000
174 1734112641 1,400000 -1,000000 -101,000000 0,000000 0,000000
174 1734112642 1,800000 -1,000000 -101,000000 0,000000 0,000000
174 1734112643 1,800000 -1,000000 -101,000000 0,000000 0,000000
174 1734112644 1,800000 -1,000000 -101,000000 0,000000 0,000000
174 1734112645 1,800000 -1,000000 -101,000000 0,000000 0,000000
174 1734112646 1,800000 -1,000000 -101,000000 0,000000 0,000000
174 1734112647 1,800000 -1,000000 -101,000000 0,000000 0,000000
174 1734112648 1,800000 -1,000000 -101,000000 0,000000 0,000000
174 1734112649 1,800000 -1,000000 -101,000000 0,000000 0,000000
174 1734112650 1,800000 -1,000000 -101,000000 0,000000 0,000000
174 1734112651 1,800000 -1,000000 -101,000000 0,000000 0,000000
174 1734112652 0,600000 -1,000000 -101,000000 0,000000 0,000000
174 1734112653 0,600000 -1,000000 -101,000000 0,000000 0,000000
174 1734112654 0,600000 -1,000000 -101,000000 0,000000 0,000000
174 1734112655 0,600000 -1,000000 -101,000000 0,000000 0,000000
174 1734112656 0,600000 -1,000000 -101,000000 0,000000 0,000000
174 1734112657 1,200000 -1,000000 -101,000000 0,000000 0,000000
174 1734112658 1,200000 -1,000000 -101,000000 0,000000 0,000000
174 1734112659 1,200000 -1,000000 -101,000000 0,000000 0,000000
174 1734112660 1,200000 -1,000000 -101,000000 0,000000 0,000000
174 1734112661 1,200000 -1,000000 -101,000000 0,000000 0,000000
174 1734112662 0,800000 -1,000000 -101,000000 0,000000 0,000000
174 1734112663 0,800000 -1,000000 -101,000000 0,000000 0,000000
174 1734112664 0,800000 -1,000000 -101,000000 0,000000 0,000000
174 1734112665 0,800000 -1,000000 -101,000000 0,000000 0,000000
174 1734112666 0,800000 -1,000000 -101,000000 0,000000 0,000000
174 1734112667 2,400000 -1,000000 -101,000000 0,000000 0,000000
174 1734112668 2,400000 -1,000000 -101,000000 0,000000 0,000000
174 1734112669 2,400000 -1,000000 -101,000000 0,000000 0,000000
174 1734112670 2,400000 -1,000000 -101,000000 0,000000 0,000000
174 1734112671 2,400000 -1,000000 -101,000000 0,000000 0,000000
174 1734112672 0,400000 -1,000000 -101,000000 0,000000 0,000000
174 1734112673 0,400000 -1,000000 -101,000000 0,000000 0,000000
174 1734112674 0,400000 -1,000000 -101,000000 0,000000 0,000000
174 1734112675 0,400000 -1,000000 -101,000000 0,000000 0,000000
174 1734112676 0,400000 -1,000000 -101,000000 0,000000 0,000000
174 1734112682 0,400000 -1,000000 -101,000000 0,000000 0,000000
174 1734112683 0,400000 -1,000000 -101,000000 0,000000 0,000000
174 1734112684 0,400000 -1,000000 -101,000000 0,000000 0,000000
174 1734112685 0,400000 -1,000000 -101,000000 0,000000 0,000000
174 1734112686 0,400000 -1,000000 -101,000000 0,000000 0,000000
174 1734112687 1,800000 -1,000000 -101,000000 0,000000 0,000000
174 1734112688 1,800000 -1,000000 -101,000000 0,000000 0,000000
174 1734112689 1,800000 -1,000000 -101,000000 0,000000 0,000000
174 1734112690 1,800000 -1,000000 -101,000000 0,000000 0,000000
174 1734112691 1,800000 -1,000000 -101,000000 0,000000 0,000000
174 1734112692 0,800000 -1,000000 -101,000000 0,000000 0,000000
174 1734112693 0,800000 -1,000000 -101,000000 0,000000 0,000000
174 1734112694 0,800000 -1,000000 -101,000000 0,000000 0,000000
174 1734112695 0,800000 -1,000000 -101,000000 0,000000 0,000000
174 1734112696 0,800000 -1,000000 -101,000000 0,000000 0,000000
174 1734112697 0,800000 -1,000000 -101,000000 0,000000 0,000000
174 1734112698 0,800000 -1,000000 -101,000000 0,000000 0,000000
174 1734112699 0,800000 -1,000000 -101,000000 0,000000 0,000000
174 1734112700 0,800000 -1,000000 -101,000000 0,000000 0,000000
174 1734112701 0,800000 -1,000000 -101,000000 0,000000 0,000000
174 1734112702 0,400000 -1,000000 -101,000000 0,000000 0,000000
174 1734112703 0,400000 -1,000000 -101,000000 0,000000 0,000000
174 1734112704 0,400000 -1,000000 -101,000000 0,000000 0,000000
174 1734112705 0,400000 -1,000000 -101,000000 0,000000 0,000000
174 1734112706 0,400000 -1,000000 -101,000000 0,000000 0,000000
174 1734112707 0,400000 -1,000000 -101,000000 0,000000 0,000000
174 1734112708 0,400000 -1,000000 -101,000000 0,000000 0,000000
174 1734112709 0,400000 -1,000000 -101,000000 0,000000 0,000000
174 1734112710 0,400000 -1,000000 -101,000000 0,000000 0,000000
174 1734112711 0,400000 -1,000000 -101,000000 0,000000 0,000000
174 1734112712 1,200000 -1,000000 -101,000000 0,000000 0,000000
174 1734112713 1,200000 -1,000000 -101,000000 0,000000 0,000000
174 1734112714 1,200000 -1,000000 -101,000000 0,000000 0,000000
174 1734112715 1,200000 -1,000000 -101,000000 0,000000 0,000000
174 1734112716 1,200000 -1,000000 -101,000000 0,000000 0,000000
174 1734112717 1,200000 -1,000000 -101,000000 0,000000 0,000000
174 1734112718 1,200000 -1,000000 -101,000000 0,000000 0,000000
174 1734112719 1,200000 -1,000000 -101,000000 0,000000 0,000000
174 1734112720 1,200000 -1,000000 -101,000000 0,000000 0,000000
174 1734112721 1,200000 -1,000000 -101,000000 0,000000 0,000000
174 1734112722 2,000000 -1,000000 -101,000000 0,000000 0,000000
174 1734112723 2,000000 -1,000000 -101,000000 0,000000 0,000000
174 1734112724 2,000000 -1,000000 -101,000000 0,000000 0,000000
174 1734112725 2,000000 -1,000000 -101,000000 0,000000 0,000000
174 1734112726 2,000000 -1,000000 -101,000000 0,000000 0,000000
174 1734112727 1,600000 -1,000000 -101,000000 0,000000 0,000000
174 1734112728 1,600000 -1,000000 -101,000000 0,000000 0,000000
174 1734112729 1,600000 -1,000000 -101,000000 0,000000 0,000000
174 1734112730 1,600000 -1,000000 -101,000000 0,000000 0,000000
174 1734112731 1,600000 -1,000000 -101,000000 0,000000 0,000000
174 1734112732 1,400000 -1,000000 -101,000000 0,000000 0,000000
174 1734112733 1,400000 -1,000000 -101,000000 0,000000 0,000000
174 1734112734 1,400000 -1,000000 -101,000000 0,000000 0,000000
174 1734112735 1,400000 -1,000000 -101,000000 0,000000 0,000000
174 1734112736 1,400000 -1,000000 -101,000000 0,000000 0,000000
174 1734112737 0,400000 -1,000000 -101,000000 0,000000 0,000000
174 1734112738 0,400000 -1,000000 -101,000000 0,000000 0,000000
174 1734112739 0,400000 -1,000000 -101,000000 0,000000 0,000000
174 1734112740 0,400000 -1,000000 -101,000000 0,000000 0,000000
174 1734112741 0,400000 -1,000000 -101,000000 0,000000 0,000000
174 1734112742 1,800000 -1,000000 -101,000000 0,000000 0,000000
174 1734112743 1,800000 -1,000000 -101,000000 0,000000 0,000000
174 1734112744 1,800000 -1,000000 -101,000000 0,000000 0,000000
174 1734112745 1,800000 -1,000000 -101,000000 0,000000 0,000000
174 1734112746 1,800000 -1,000000 -101,000000 0,000000 0,000000
174 1734112747 3,000000 -1,000000 -101,000000 0,000000 0,000000
174 1734112748 3,000000 -1,000000 -101,000000 0,000000 0,000000
174 1734112749 3,000000 -1,000000 -101,000000 0,000000 0,000000
174 1734112750 3,000000 -1,000000 -101,000000 0,000000 0,000000
174 1734112751 3,000000 -1,000000 -101,000000 0,000000 0,000000
174 1734112752 0,200000 -1,000000 -101,000000 0,000000 0,000000
174 1734112753 0,200000 -1,000000 -101,000000 0,000000 0,000000
174 1734112754 0,200000 -1,000000 -101,000000 0,000000 0,000000
174 1734112755 0,200000 -1,000000 -101,000000 0,000000 0,000000
174 1734112756 0,200000 -1,000000 -101,000000 0,000000 0,000000
174 1734112757 0,200000 -1,000000 -101,000000 0,000000 0,000000
174 1734112758 0,200000 -1,000000 -101,000000 0,000000 0,000000
174 1734112759 0,200000 -1,000000 -101,000000 0,000000 0,000000
174 1734112760 0,200000 -1,000000 -101,000000 0,000000 0,000000
174 1734112761 0,200000 -1,000000 -101,000000 0,000000 0,000000
174 1734112762 1,800000 -1,000000 -101,000000 0,000000 0,000000
174 1734112763 1,800000 -1,000000 -101,000000 0,000000 0,000000
174 1734112764 1,800000 -1,000000 -101,000000 0,000000 0,000000
174 1734112765 1,800000 -1,000000 -101,000000 0,000000 0,000000
174 1734112766 1,800000 -1,000000 -101,000000 0,000000 0,000000
174 1734112767 0,200000 -1,000000 -101,000000 0,000000 0,000000
174 1734112768 0,200000 -1,000000 -101,000000 0,000000 0,000000
174 1734112769 0,200000 -1,000000 -101,000000 0,000000 0,000000
174 1734112770 0,200000 -1,000000 -101,000000 0,000000 0,000000
174 1734112771 0,200000 -1,000000 -101,000000 0,000000 0,000000
174 1734112772 0,400000 -1,000000 -101,000000 0,000000 0,000000
174 1734112773 0,400000 -1,000000 -101,000000 0,000000 0,000000
174 1734112774 0,400000 -1,000000 -101,000000 0,000000 0,000000
174 1734112775 0,400000 -1,000000 -101,000000 0,000000 0,000000
174 1734112776 0,400000 -1,000000 -101,000000 0,000000 0,000000
174 1734112777 0,600000 -1,000000 -101,000000 0,000000 0,000000
174 1734112778 0,600000 -1,000000 -101,000000 0,000000 0,000000
174 1734112779 0,600000 -1,000000 -101,000000 0,000000 0,000000
174 1734112780 0,600000 -1,000000 -101,000000 0,000000 0,000000
174 1734112781 0,600000 -1,000000 -101,000000 0,000000 0,000000
174 1734112782 0,600000 -1,000000 -101,000000 0,000000 0,000000
174 1734112783 0,600000 -1,000000 -101,000000 0,000000 0,000000
174 1734112784 0,600000 -1,000000 -101,000000 0,000000 0,000000
174 1734112785 0,600000 -1,000000 -101,000000 0,000000 0,000000
174 1734112786 0,600000 -1,000000 -101,000000 0,000000 0,000000
174 1734112787 1,000000 -1,000000 -101,000000 0,000000 0,000000
174 1734112788 1,000000 -1,000000 -101,000000 0,000000 0,000000
174 1734112789 1,000000 -1,000000 -101,000000 0,000000 0,000000
174 1734112790 1,000000 -1,000000 -101,000000 0,000000 0,000000
174 1734112791 1,000000 -1,000000 -101,000000 0,000000 0,000000
174 1734112792 2,000000 -1,000000 -101,000000 0,000000 0,000000
174 1734112793 2,000000 -1,000000 -101,000000 0,000000 0,000000
174 1734112794 2,000000 -1,000000 -101,000000 0,000000 0,000000
174 1734112795 2,000000 -1,000000 -101,000000 0,000000 0,000000
174 1734112796 2,000000 -1,000000 -101,000000 0,000000 0,000000
174 1734112797 1,400000 -1,000000 -101,000000 0,000000 0,000000
174 1734112798 1,400000 -1,000000 -101,000000 0,000000 0,000000
174 1734112799 1,400000 -1,000000 -101,000000 0,000000 0,000000
174 1734112800 1,400000 -1,000000 -101,000000 0,000000 0,000000
174 1734112801 1,400000 -1,000000 -101,000000 0,000000 0,000000
174 1734112802 1,800000 -1,000000 -101,000000 0,000000 0,000000
174 1734112803 1,800000 -1,000000 -101,000000 0,000000 0,000000
174 1734112804 1,800000 -1,000000 -101,000000 0,000000 0,000000
174 1734112805 1,800000 -1,000000 -101,000000 0,000000 0,000000
174 1734112806 1,800000 -1,000000 -101,000000 0,000000 0,000000
174 1734112807 1,200000 -1,000000 -101,000000 0,000000 0,000000
174 1734112808 1,200000 -1,000000 -101,000000 0,000000 0,000000
174 1734112809 1,200000 -1,000000 -101,000000 0,000000 0,000000
174 1734112810 1,200000 -1,000000 -101,000000 0,000000 0,000000
174 1734112811 1,200000 -1,000000 -101,000000 0,000000 0,000000
174 1734112817 0,400000 -1,000000 -101,000000 0,000000 0,000000
174 1734112818 0,400000 -1,000000 -101,000000 0,000000 0,000000
174 1734112819 0,400000 -1,000000 -101,000000 0,000000 0,000000
174 1734112820 0,400000 -1,000000 -101,000000 0,000000 0,000000
174 1734112821 0,400000 -1,000000 -101,000000 0,000000 0,000000
174 1734112822 1,200000 -1,000000 -101,000000 0,000000 0,000000
174 1734112823 1,200000 -1,000000 -101,000000 0,000000 0,000000
174 1734112824 1,200000 -1,000000 -101,000000 0,000000 0,000000
174 1734112825 1,200000 -1,000000 -101,000000 0,000000 0,000000
174 1734112826 1,200000 -1,000000 -101,000000 0,000000 0,000000
174 1734112827 2,800000 -1,000000 -101,000000 0,000000 0,000000
174 1734112828 2,800000 -1,000000 -101,000000 0,000000 0,000000
174 1734112829 2,800000 -1,000000 -101,000000 0,000000 0,000000
174 1734112830 2,800000 -1,000000 -101,000000 0,000000 0,000000
174 1734112831 2,800000 -1,000000 -101,000000 0,000000 0,000000
174 1734112832 0,600000 -1,000000 -101,000000 0,000000 0,000000
174 1734112833 0,600000 -1,000000 -101,000000 0,000000 0,000000
174 1734112834 0,600000 -1,000000 -101,000000 0,000000 0,000000
174 1734112835 0,600000 -1,000000 -101,000000 0,000000 0,000000
174 1734112836 0,600000 -1,000000 -101,000000 0,000000 0,000000
174 1734112837 1,600000 -1,000000 -101,000000 0,000000 0,000000
174 1734112838 1,600000 -1,000000 -101,000000 0,000000 0,000000
174 1734112839 1,600000 -1,000000 -101,000000 0,000000 0,000000
174 1734112840 1,600000 -1,000000 -101,000000 0,000000 0,000000
174 1734112841 1,600000 -1,000000 -101,000000 0,000000 0,000000
174 1734112842 0,600000 -1,000000 -101,000000 0,000000 0,000000
174 1734112843 0,600000 -1,000000 -101,000000 0,000000 0,000000
174 1734112844 0,600000 -1,000000 -101,000000 0,000000 0,000000
174 1734112845 0,600000 -1,000000 -101,000000 0,000000 0,000000
174 1734112846 0,600000 -1,000000 -101,000000 0,000000 0,000000
174 1734112847 0,200000 -1,000000 -101,000000 0,000000 0,000000
174 1734112848 0,200000 -1,000000 -101,000000 0,000000 0,000000
174 1734112849 0,200000 -1,000000 -101,000000 0,000000 0,000000
174 1734112850 0,200000 -1,000000 -101,000000 0,000000 0,000000
174 1734112851 0,200000 -1,000000 -101,000000 0,000000 0,000000
174 1734112852 0,600000 -1,000000 -101,000000 0,000000 0,000000
174 1734112853 0,600000 -1,000000 -101,000000 0,000000 0,000000
174 1734112854 0,600000 -1,000000 -101,000000 0,000000 0,000000
174 1734112855 0,600000 -1,000000 -101,000000 0,000000 0,000000
174 1734112856 0,600000 -1,000000 -101,000000 0,000000 0,000000
174 1734112857 0,200000 -1,000000 -101,000000 0,000000 0,000000
174 1734112858 0,200000 -1,000000 -101,000000 0,000000 0,000000
174 1734112859 0,200000 -1,000000 -101,000000 0,000000 0,000000
174 1734112860 0,200000 -1,000000 -101,000000 0,000000 0,000000
174 1734112861 0,200000 -1,000000 -101,000000 0,000000 0,000000
174 1734112862 0,400000 -1,000000 -101,000000 0,000000 0,000000
174 1734112863 0,400000 -1,000000 -101,000000 0,000000 0,000000
174 1734112864 0,400000 -1,000000 -101,000000 0,000000 0,000000
174 1734112865 0,400000 -1,000000 -101,000000 0,000000 0,000000
174 1734112866 0,400000 -1,000000 -101,000000 0,000000 0,000000
174 1734112867 1,200000 -1,000000 -101,000000 0,000000 0,000000
174 1734112868 1,200000 -1,000000 -101,000000 0,000000 0,000000
174 1734112869 1,200000 -1,000000 -101,000000 0,000000 0,000000
174 1734112870 1,200000 -1,000000 -101,000000 0,000000 0,000000
174 1734112871 1,200000 -1,000000 -101,000000 0,000000 0,000000
174 1734112872 1,600000 -1,000000 -101,000000 0,000000 0,000000
174 1734112873 1,600000 -1,000000 -101,000000 0,000000 0,000000
174 1734112874 1,600000 -1,000000 -101,000000 0,000000 0,000000
174 1734112875 1,600000 -1,000000 -101,000000 0,000000 0,000000
174 1734112876 1,600000 -1,000000 -101,000000 0,000000 0,000000
174 1734112877 1,600000 -1,000000 -101,000000 0,000000 0,000000
174 1734112878 1,600000 -1,000000 -101,000000 0,000000 0,000000
174 1734112879 1,600000 -1,000000 -101,000000 0,000000 0,000000
174 1734112880 1,600000 -1,000000 -101,000000 0,000000 0,000000
174 1734112881 1,600000 -1,000000 -101,000000 0,000000 0,000000
174 1734112882 2,000000 -1,000000 -101,000000 0,000000 0,000000
174 1734112883 2,000000 -1,000000 -101,000000 0,000000 0,000000
174 1734112884 2,000000 -1,000000 -101,000000 0,000000 0,000000
174 1734112885 2,000000 -1,000000 -101,000000 0,000000 0,000000
174 1734112886 2,000000 -1,000000 -101,000000 0,000000 0,000000
174 1734112887 1,600000 -1,000000 -101,000000 0,000000 0,000000
174 1734112888 1,600000 -1,000000 -101,000000 0,000000 0,000000
174 1734112889 1,600000 -1,000000 -101,000000 0,000000 0,000000
174 1734112890 1,600000 -1,000000 -101,000000 0,000000 0,000000
174 1734112891 1,600000 -1,000000 -101,000000 0,000000 0,000000
174 1734112892 0,400000 -1,000000 -101,000000 0,000000 0,000000
174 1734112893 0,400000 -1,000000 -101,000000 0,000000 0,000000
174 1734112894 0,400000 -1,000000 -101,000000 0,000000 0,000000
174 1734112895 0,400000 -1,000000 -101,000000 0,000000 0,000000
174 1734112896 0,400000 -1,000000 -101,000000 0,000000 0,000000
174 1734112897 0,800000 -1,000000 -101,000000 0,000000 0,000000
174 1734112898 0,800000 -1,000000 -101,000000 0,000000 0,000000
174 1734112899 0,800000 -1,000000 -101,000000 0,000000 0,000000
174 1734112900 0,800000 -1,000000 -101,000000 0,000000 0,000000
174 1734112901 0,800000 -1,000000 -101,000000 0,000000 0,000000
174 1734112902 1,000000 -1,000000 -101,000000 0,000000 0,000000
174 1734112903 1,000000 -1,000000 -101,000000 0,000000 0,000000
174 1734112904 1,000000 -1,000000 -101,000000 0,000000 0,000000
174 1734112905 1,000000 -1,000000 -101,000000 0,000000 0,000000
174 1734112906 1,000000 -1,000000 -101,000000 0,000000 0,000000
174 1734112907 3,000000 -1,000000 -101,000000 0,000000 0,000000
174 1734112908 3,000000 -1,000000 -101,000000 0,000000 0,000000
174 1734112909 3,000000 -1,000000 -101,000000 0,000000 0,000000
174 1734112910 3,000000 -1,000000 -101,000000 0,000000 0,000000
174 1734112911 3,000000 -1,000000 -101,000000 0,000000 0,000000
174 1734112912 0,800000 -1,000000 -101,000000 0,000000 0,000000
174 1734112913 0,800000 -1,000000 -101,000000 0,000000 0,000000
174 1734112914 0,800000 -1,000000 -101,000000 0,000000 0,000000
174 1734112915 0,800000 -1,000000 -101,000000 0,000000 0,000000
174 1734112916 0,800000 -1,000000 -101,000000 0,000000 0,000000
174 1734112917 1,000000 -1,000000 -101,000000 0,000000 0,000000
174 1734112918 1,000000 -1,000000 -101,000000 0,000000 0,000000
174 1734112919 1,000000 -1,000000 -101,000000 0,000000 0,000000
174 1734112920 1,000000 -1,000000 -101,000000 0,000000 0,000000
174 1734112921 1,000000 -1,000000 -101,000000 0,000000 0,000000
174 1734112922 0,600000 -1,000000 -101,000000 0,000000 0,000000
174 1734112923 0,600000 -1,000000 -101,000000 0,000000 0,000000
174 1734112924 0,600000 -1,000000 -101,000000 0,000000 0,000000
174 1734112925 0,600000 -1,000000 -101,000000 0,000000 0,000000
174 1734112926 0,600000 -1,000000 -101,000000 0,000000 0,000000
174 1734112927 0,400000 -1,000000 -101,000000 0,000000 0,000000
174 1734112928 0,400000 -1,000000 -101,000000 0,000000 0,000000
174 1734112929 0,400000 -1,000000 -101,000000 0,000000 0,000000
174 1734112930 0,400000 -1,000000 -101,000000 0,000000 0,000000
174 1734112931 0,400000 -1,000000 -101,000000 0,000000 0,000000
174 1734112932 0,600000 -1,000000 -101,000000 0,000000 0,000000
174 1734112933 0,600000 -1,000000 -101,000000 0,000000 0,000000
174 1734112934 0,600000 -1,000000 -101,000000 0,000000 0,000000
174 1734112935 0,600000 -1,000000 -101,000000 0,000000 0,000000
174 1734112936 0,600000 -1,000000 -101,000000 0,000000 0,000000
174 1734112937 1,000000 -1,000000 -101,000000 0,000000 0,000000
174 1734112938 1,000000 -1,000000 -101,000000 0,000000 0,000000
174 1734112939 1,000000 -1,000000 -101,000000 0,000000 0,000000
174 1734112940 1,000000 -1,000000 -101,000000 0,000000 0,000000
174 1734112941 1,000000 -1,000000 -101,000000 0,000000 0,000000
174 1734112942 0,800000 -1,000000 -101,000000 0,000000 0,000000
174 1734112943 0,800000 -1,000000 -101,000000 0,000000 0,000000
174 1734112944 0,800000 -1,000000 -101,000000 0,000000 0,000000
174 1734112945 0,800000 -1,000000 -101,000000 0,000000 0,000000
174 1734112946 0,800000 -1,000000 -101,000000 0,000000 0,000000
174 1734112947 0,600000 -1,000000 -101,000000 0,000000 0,000000
174 1734112948 0,600000 -1,000000 -101,000000 0,000000 0,000000
174 1734112949 0,600000 -1,000000 -101,000000 0,000000 0,000000
174 1734112950 0,600000 -1,000000 -101,000000 0,000000 0,000000
174 1734112951 0,600000 -1,000000 -101,000000 0,000000 0,000000
174 1734112952 1,400000 -1,000000 -101,000000 0,000000 0,000000
174 1734112953 1,400000 -1,000000 -101,000000 0,000000 0,000000
174 1734112954 1,400000 -1,000000 -101,000000 0,000000 0,000000
174 1734112955 1,400000 -1,000000 -101,000000 0,000000 0,000000
174 1734112956 1,400000 -1,000000 -101,000000 0,000000 0,000000
174 1734112957 1,000000 -1,000000 -101,000000 0,000000 0,000000
174 1734112958 1,000000 -1,000000 -101,000000 0,000000 0,000000
174 1734112959 1,000000 -1,000000 -101,000000 0,000000 0,000000
174 1734112960 1,000000 -1,000000 -101,000000 0,000000 0,000000
174 1734112961 1,000000 -1,000000 -101,000000 0,000000 0,000000
174 1734112962 1,800000 -1,000000 -101,000000 0,000000 0,000000
174 1734112963 1,800000 -1,000000 -101,000000 0,000000 0,000000
