197 1734111668 0,000000 0,000000 -101,000000 0,000000 0,000000
197 1734111669 0,000000 0,000000 -101,000000 0,000000 0,000000
197 1734111670 0,000000 0,000000 -101,000000 0,000000 0,000000
197 1734111671 0,000000 0,000000 -101,000000 0,000000 0,000000
197 1734111672 5,000000 1,800000 9,000000 9,000000 -20,200000
197 1734111673 5,000000 1,800000 18,000000 18,000000 -20,200000
197 1734111674 5,000000 1,800000 27,000000 27,000000 -20,200000
197 1734111675 5,000000 1,800000 36,000000 36,000000 -20,200000
197 1734111676 5,000000 1,800000 45,000000 45,000000 -20,200000
197 1734111677 0,500000 2,000000 46,000000 46,000000 -20,200000
197 1734111678 0,500000 2,000000 47,000000 47,000000 -20,200000
197 1734111679 0,500000 2,000000 48,000000 48,000000 -20,200000
197 1734111680 0,500000 2,000000 49,000000 49,000000 -20,200000
197 1734111681 0,500000 2,000000 50,000000 50,000000 -20,200000
197 1734111682 0,000000 2,000000 50,000000 50,000000 -20,200000
197 1734111683 0,000000 2,000000 50,000000 50,000000 -20,200000
197 1734111684 0,000000 2,000000 50,000000 50,000000 -20,200000
197 1734111685 0,000000 2,000000 50,000000 50,000000 -20,200000
197 1734111686 0,000000 2,000000 50,000000 50,000000 -20,200000
197 1734111687 0,000000 2,000000 50,000000 50,000000 -20,200000
197 1734111688 0,000000 2,000000 50,000000 50,000000 -20,200000
197 1734111689 0,000000 2,000000 50,000000 50,000000 -20,200000
197 1734111690 0,000000 2,000000 50,000000 50,000000 -20,200000
197 1734111691 0,000000 2,000000 50,000000 50,000000 -20,200000
197 1734111692 0,000000 2,000000 50,000000 50,000000 -20,200000
197 1734111693 0,000000 2,000000 50,000000 50,000000 -20,200000
197 1734111694 0,000000 2,000000 50,000000 50,000000 -20,200000
197 1734111695 0,000000 2,000000 50,000000 50,000000 -20,200000
197 1734111696 0,000000 2,000000 50,000000 50,000000 -20,200000
197 1734111697 -0,166667 2,400000 49,600000 49,600000 -20,200000
197 1734111698 -0,166667 2,400000 49,200000 49,200000 -20,200000
197 1734111699 -0,166667 2,400000 48,800000 48,800000 -20,200000
197 1734111700 -0,166667 2,400000 48,400000 48,400000 -20,200000
197 1734111701 -0,166667 2,400000 48,000000 48,000000 -20,200000
197 1734111702 -0,142857 2,800000 47,600000 47,600000 -20,200000
197 1734111703 -0,142857 2,800000 47,200000 47,200000 -20,200000
197 1734111704 -0,142857 2,800000 46,800000 46,800000 -20,200000
197 1734111705 -0,142857 2,800000 46,400000 46,400000 -20,200000
197 1734111706 -0,142857 2,800000 46,000000 46,000000 -20,200000
197 1734111707 -0,166667 3,600000 45,400000 45,400000 -20,200000
197 1734111708 -0,166667 3,600000 44,800000 44,800000 -20,200000
197 1734111709 -0,166667 3,600000 44,200000 44,200000 -20,200000
197 1734111710 -0,166667 3,600000 43,600000 43,600000 -20,200000
197 1734111711 -0,166667 3,600000 43,000000 43,000000 -20,200000
197 1734111712 0,000000 3,600000 43,000000 43,000000 -20,200000
197 1734111713 0,000000 3,600000 43,000000 43,000000 -20,200000
197 1734111714 0,000000 3,600000 43,000000 43,000000 -20,200000
197 1734111715 0,000000 3,600000 43,000000 43,000000 -20,200000
197 1734111716 0,000000 3,600000 43,000000 43,000000 -20,200000
197 1734111717 0,000000 3,800000 43,000000 43,000000 -20,200000
197 1734111718 0,000000 3,800000 43,000000 43,000000 -20,200000
197 1734111719 0,000000 3,800000 43,000000 43,000000 -20,200000
197 1734111720 0,000000 3,800000 43,000000 43,000000 -20,200000
197 1734111721 0,000000 3,800000 43,000000 43,000000 -20,200000
197 1734111722 0,000000 3,800000 43,000000 43,000000 -20,200000
197 1734111723 0,000000 3,800000 43,000000 43,000000 -20,200000
197 1734111724 0,000000 3,800000 43,000000 43,000000 -20,200000
197 1734111725 0,000000 3,800000 43,000000 43,000000 -20,200000
197 1734111726 0,000000 3,800000 43,000000 43,000000 -20,200000
197 1734111727 0,000000 3,800000 43,000000 43,000000 -20,200000
197 1734111728 0,000000 3,800000 43,000000 43,000000 -20,200000
197 1734111729 0,000000 3,800000 43,000000 43,000000 -20,200000
197 1734111730 0,000000 3,800000 43,000000 43,000000 -20,200000
197 1734111731 0,000000 3,800000 43,000000 43,000000 -20,200000
197 1734111732 0,000000 3,800000 43,000000 43,000000 -20,200000
197 1734111733 0,000000 3,800000 43,000000 43,000000 -20,200000
197 1734111734 0,000000 3,800000 43,000000 43,000000 -20,200000
197 1734111735 0,000000 3,800000 43,000000 43,000000 -20,200000
197 1734111736 0,000000 3,800000 43,000000 43,000000 -20,200000
197 1734111737 0,000000 3,800000 43,000000 43,000000 -20,200000
197 1734111738 0,000000 3,800000 43,000000 43,000000 -20,200000
197 1734111739 0,000000 3,800000 43,000000 43,000000 -20,200000
197 1734111740 0,000000 3,800000 43,000000 43,000000 -20,200000
197 1734111741 0,000000 3,800000 43,000000 43,000000 -20,200000
197 1734111742 0,047619 4,200000 43,200000 43,200000 -20,200000
197 1734111743 0,047619 4,200000 43,400000 43,400000 -20,200000
197 1734111744 0,047619 4,200000 43,600000 43,600000 -20,200000
197 1734111745 0,047619 4,200000 43,800000 43,800000 -20,200000
197 1734111746 0,047619 4,200000 44,000000 44,000000 -20,200000
197 1734111747 0,086957 4,600000 44,400000 44,400000 -20,200000
197 1734111748 0,086957 4,600000 44,800000 44,800000 -20,200000
197 1734111749 0,086957 4,600000 45,200000 45,200000 -20,200000
197 1734111750 0,086957 4,600000 45,600000 45,600000 -20,200000
197 1734111751 0,086957 4,600000 46,000000 46,000000 -20,200000
197 1734111752 0,115385 5,200000 46,600000 46,600000 -20,200000
197 1734111753 0,115385 5,200000 47,200000 47,200000 -20,200000
197 1734111754 0,115385 5,200000 47,800000 47,800000 -20,200000
197 1734111755 0,115385 5,200000 48,400000 48,400000 -20,200000
197 1734111756 0,115385 5,200000 49,000000 49,000000 -20,200000
197 1734111757 0,037037 5,400000 49,200000 49,200000 -20,200000
197 1734111758 0,037037 5,400000 49,400000 49,400000 -20,200000
197 1734111759 0,037037 5,400000 49,600000 49,600000 -20,200000
197 1734111760 0,037037 5,400000 49,800000 49,800000 -20,200000
197 1734111761 0,037037 5,400000 50,000000 50,000000 -20,200000
197 1734111762 0,000000 5,400000 50,000000 50,000000 -20,200000
197 1734111763 0,000000 5,400000 50,000000 50,000000 -20,200000
197 1734111764 0,000000 5,400000 50,000000 50,000000 -20,200000
197 1734111765 0,000000 5,400000 50,000000 50,000000 -20,200000
197 1734111766 0,000000 5,400000 50,000000 50,000000 -20,200000
197 1734111767 0,000000 5,600000 50,000000 50,000000 -20,200000
197 1734111768 0,000000 5,600000 50,000000 50,000000 -20,200000
197 1734111769 0,000000 5,600000 50,000000 50,000000 -20,200000
197 1734111770 0,000000 5,600000 50,000000 50,000000 -20,200000
197 1734111771 0,000000 5,600000 50,000000 50,000000 -20,200000
197 1734111772 0,000000 5,800000 50,000000 50,000000 -20,200000
197 1734111773 0,000000 5,800000 50,000000 50,000000 -20,200000
197 1734111774 0,000000 5,800000 50,000000 50,000000 -20,200000
197 1734111775 0,000000 5,800000 50,000000 50,000000 -20,200000
197 1734111776 0,000000 5,800000 50,000000 50,000000 -20,200000
197 1734111777 -0,031250 6,400000 49,800000 49,800000 -20,200000
197 1734111778 -0,031250 6,400000 49,600000 49,600000 -20,200000
197 1734111779 -0,031250 6,400000 49,400000 49,400000 -20,200000
197 1734111780 -0,031250 6,400000 49,200000 49,200000 -20,200000
197 1734111781 -0,031250 6,400000 49,000000 49,000000 -20,200000
197 1734111782 -0,030303 6,600000 48,800000 48,800000 -20,200000
197 1734111783 -0,030303 6,600000 48,600000 48,600000 -20,200000
197 1734111784 -0,030303 6,600000 48,400000 48,400000 -20,200000
197 1734111785 -0,030303 6,600000 48,200000 48,200000 -20,200000
197 1734111786 -0,030303 6,600000 48,000000 48,000000 -20,200000
197 1734111787 -0,083333 7,200000 47,400000 47,400000 -20,200000
197 1734111788 -0,083333 7,200000 46,800000 46,800000 -20,200000
197 1734111789 -0,083333 7,200000 46,200000 46,200000 -20,200000
197 1734111790 -0,083333 7,200000 45,600000 45,600000 -20,200000
197 1734111791 -0,083333 7,200000 45,000000 45,000000 -20,200000
197 1734111792 0,000000 7,200000 45,000000 45,000000 -20,200000
197 1734111793 0,000000 7,200000 45,000000 45,000000 -20,200000
197 1734111794 0,000000 7,200000 45,000000 45,000000 -20,200000
197 1734111795 0,000000 7,200000 45,000000 45,000000 -20,200000
197 1734111796 0,000000 7,200000 45,000000 45,000000 -20,200000
197 1734111797 0,000000 7,200000 45,000000 45,000000 -20,200000
197 1734111798 0,000000 7,200000 45,000000 45,000000 -20,200000
197 1734111799 0,000000 7,200000 45,000000 45,000000 -20,200000
197 1734111800 0,000000 7,200000 45,000000 45,000000 -20,200000
197 1734111801 0,000000 7,200000 45,000000 45,000000 -20,200000
197 1734111802 0,000000 7,200000 45,000000 45,000000 -20,200000
197 1734111803 0,000000 7,200000 45,000000 45,000000 -20,200000
197 1734111804 0,000000 7,200000 45,000000 45,000000 -20,200000
197 1734111805 0,000000 7,200000 45,000000 45,000000 -20,200000
197 1734111806 0,000000 7,200000 45,000000 45,000000 -20,200000
197 1734111807 0,000000 7,200000 45,000000 45,000000 -20,200000
197 1734111808 0,000000 7,200000 45,000000 45,000000 -20,200000
197 1734111809 0,000000 7,200000 45,000000 45,000000 -20,200000
197 1734111810 0,000000 7,200000 45,000000 45,000000 -20,200000
197 1734111811 0,000000 7,200000 45,000000 45,000000 -20,200000
197 1734111812 0,000000 7,200000 45,000000 45,000000 -20,200000
197 1734111813 0,000000 7,200000 45,000000 45,000000 -20,200000
197 1734111814 0,000000 7,200000 45,000000 45,000000 -20,200000
197 1734111815 0,000000 7,200000 45,000000 45,000000 -20,200000
197 1734111816 0,000000 7,200000 45,000000 45,000000 -20,200000
197 1734111817 0,025641 7,800000 45,200000 45,200000 -20,200000
197 1734111818 0,025641 7,800000 45,400000 45,400000 -20,200000
197 1734111819 0,025641 7,800000 45,600000 45,600000 -20,200000
197 1734111820 0,025641 7,800000 45,800000 45,800000 -20,200000
197 1734111821 0,025641 7,800000 46,000000 46,000000 -20,200000
197 1734111822 0,000000 8,400000 46,000000 46,000000 -20,200000
197 1734111823 0,000000 8,400000 46,000000 46,000000 -20,200000
197 1734111824 0,000000 8,400000 46,000000 46,000000 -20,200000
197 1734111825 0,000000 8,400000 46,000000 46,000000 -20,200000
197 1734111826 0,000000 8,400000 46,000000 46,000000 -20,200000
197 1734111827 0,000000 8,400000 46,000000 46,000000 -20,200000
197 1734111828 0,000000 8,400000 46,000000 46,000000 -20,200000
197 1734111829 0,000000 8,400000 46,000000 46,000000 -20,200000
197 1734111830 0,000000 8,400000 46,000000 46,000000 -20,200000
197 1734111831 0,000000 8,400000 46,000000 46,000000 -20,200000
197 1734111832 0,066667 9,000000 46,600000 46,600000 -20,200000
197 1734111833 0,066667 9,000000 47,200000 47,200000 -20,200000
197 1734111834 0,066667 9,000000 47,800000 47,800000 -20,200000
197 1734111835 0,066667 9,000000 48,400000 48,400000 -20,200000
197 1734111836 0,066667 9,000000 49,000000 49,000000 -20,200000
197 1734111837 0,021739 9,200000 49,200000 49,200000 -20,200000
197 1734111838 0,021739 9,200000 49,400000 49,400000 -20,200000
197 1734111839 0,021739 9,200000 49,600000 49,600000 -20,200000
197 1734111840 0,021739 9,200000 49,800000 49,800000 -20,200000
197 1734111841 0,021739 9,200000 50,000000 50,000000 -20,200000
197 1734111842 0,000000 9,200000 50,000000 50,000000 -20,200000
197 1734111843 0,000000 9,200000 50,000000 50,000000 -20,200000
197 1734111844 0,000000 9,200000 50,000000 50,000000 -20,200000
197 1734111845 0,000000 9,200000 50,000000 50,000000 -20,200000
197 1734111846 0,000000 9,200000 50,000000 50,000000 -20,200000
197 1734111847 -0,021277 9,400000 49,800000 49,800000 -20,200000
197 1734111848 -0,021277 9,400000 49,600000 49,600000 -20,200000
197 1734111849 -0,021277 9,400000 49,400000 49,400000 -20,200000
197 1734111850 -0,021277 9,400000 49,200000 49,200000 -20,200000
197 1734111851 -0,021277 9,400000 49,000000 49,000000 -20,200000
197 1734111852 -0,020000 10,000000 48,800000 48,800000 -20,200000
197 1734111853 -0,020000 10,000000 48,600000 48,600000 -20,200000
197 1734111854 -0,020000 10,000000 48,400000 48,400000 -20,200000
197 1734111855 -0,020000 10,000000 48,200000 48,200000 -20,200000
197 1734111856 -0,020000 10,000000 48,000000 48,000000 -20,200000
197 1734111857 0,000000 10,000000 48,000000 48,000000 -20,200000
197 1734111858 0,000000 10,000000 48,000000 48,000000 -20,200000
197 1734111859 0,000000 10,000000 48,000000 48,000000 -20,200000
197 1734111860 0,000000 10,000000 48,000000 48,000000 -20,200000
197 1734111861 0,000000 10,000000 48,000000 48,000000 -20,200000
197 1734111862 -0,019231 10,400000 47,800000 47,800000 -20,200000
197 1734111863 -0,019231 10,400000 47,600000 47,600000 -20,200000
197 1734111864 -0,019231 10,400000 47,400000 47,400000 -20,200000
197 1734111865 -0,019231 10,400000 47,200000 47,200000 -20,200000
197 1734111866 -0,019231 10,400000 47,000000 47,000000 -20,200000
197 1734111867 -0,054545 11,000000 46,400000 46,400000 -20,200000
197 1734111868 -0,054545 11,000000 45,800000 45,800000 -20,200000
197 1734111869 -0,054545 11,000000 45,200000 45,200000 -20,200000
197 1734111870 -0,054545 11,000000 44,600000 44,600000 -20,200000
197 1734111871 -0,054545 11,000000 44,000000 44,000000 -20,200000
197 1734111872 0,000000 11,000000 44,000000 44,000000 -20,200000
197 1734111873 0,000000 11,000000 44,000000 44,000000 -20,200000
197 1734111874 0,000000 11,000000 44,000000 44,000000 -20,200000
197 1734111875 0,000000 11,000000 44,000000 44,000000 -20,200000
197 1734111876 0,000000 11,000000 44,000000 44,000000 -20,200000
197 1734111877 0,000000 11,000000 44,000000 44,000000 -20,200000
197 1734111878 0,000000 11,000000 44,000000 44,000000 -20,200000
197 1734111879 0,000000 11,000000 44,000000 44,000000 -20,200000
197 1734111880 0,000000 11,000000 44,000000 44,000000 -20,200000
197 1734111881 0,000000 11,000000 44,000000 44,000000 -20,200000
197 1734111882 0,000000 11,000000 44,000000 44,000000 -20,200000
197 1734111883 0,000000 11,000000 44,000000 44,000000 -20,200000
197 1734111884 0,000000 11,000000 44,000000 44,000000 -20,200000
197 1734111885 0,000000 11,000000 44,000000 44,000000 -20,200000
197 1734111886 0,000000 11,000000 44,000000 44,000000 -20,200000
197 1734111887 0,017544 11,400000 44,200000 44,200000 -20,200000
197 1734111888 0,017544 11,400000 44,400000 44,400000 -20,200000
197 1734111889 0,017544 11,400000 44,600000 44,600000 -20,200000
197 1734111890 0,017544 11,400000 44,800000 44,800000 -20,200000
197 1734111891 0,017544 11,400000 45,000000 45,000000 -20,200000
197 1734111892 0,000000 11,400000 45,000000 45,000000 -20,200000
197 1734111893 0,000000 11,400000 45,000000 45,000000 -20,200000
197 1734111894 0,000000 11,400000 45,000000 45,000000 -20,200000
197 1734111895 0,000000 11,400000 45,000000 45,000000 -20,200000
197 1734111896 0,000000 11,400000 45,000000 45,000000 -20,200000
197 1734111897 0,017241 11,600000 45,200000 45,200000 -20,200000
197 1734111898 0,017241 11,600000 45,400000 45,400000 -20,200000
197 1734111899 0,017241 11,600000 45,600000 45,600000 -20,200000
197 1734111900 0,017241 11,600000 45,800000 45,800000 -20,200000
197 1734111901 0,017241 11,600000 46,000000 46,000000 -20,200000
197 1734111902 0,000000 11,800000 46,000000 46,000000 -20,200000
197 1734111903 0,000000 11,800000 46,000000 46,000000 -20,200000
197 1734111904 0,000000 11,800000 46,000000 46,000000 -20,200000
197 1734111905 0,000000 11,800000 46,000000 46,000000 -20,200000
197 1734111906 0,000000 11,800000 46,000000 46,000000 -20,200000
197 1734111907 0,000000 11,800000 46,000000 46,000000 -20,200000
197 1734111908 0,000000 11,800000 46,000000 46,000000 -20,200000
197 1734111909 0,000000 11,800000 46,000000 46,000000 -20,200000
197 1734111910 0,000000 11,800000 46,000000 46,000000 -20,200000
197 1734111911 0,000000 11,800000 46,000000 46,000000 -20,200000
197 1734111912 0,047619 12,600000 46,600000 46,600000 -20,200000
197 1734111913 0,047619 12,600000 47,200000 47,200000 -20,200000
197 1734111914 0,047619 12,600000 47,800000 47,800000 -20,200000
197 1734111915 0,047619 12,600000 48,400000 48,400000 -20,200000
197 1734111916 0,047619 12,600000 49,000000 49,000000 -20,200000
197 1734111917 0,015625 12,800000 49,200000 49,200000 -20,200000
197 1734111918 0,015625 12,800000 49,400000 49,400000 -20,200000
197 1734111919 0,015625 12,800000 49,600000 49,600000 -20,200000
197 1734111920 0,015625 12,800000 49,800000 49,800000 -20,200000
197 1734111921 0,015625 12,800000 50,000000 50,000000 -20,200000
197 1734111922 -0,015152 13,200000 49,800000 49,800000 -20,200000
197 1734111923 -0,015152 13,200000 49,600000 49,600000 -20,200000
197 1734111924 -0,015152 13,200000 49,400000 49,400000 -20,200000
197 1734111925 -0,015152 13,200000 49,200000 49,200000 -20,200000
197 1734111926 -0,015152 13,200000 49,000000 49,000000 -20,200000
197 1734111927 -0,014706 13,600000 48,800000 48,800000 -20,200000
197 1734111928 -0,014706 13,600000 48,600000 48,600000 -20,200000
197 1734111929 -0,014706 13,600000 48,400000 48,400000 -20,200000
197 1734111930 -0,014706 13,600000 48,200000 48,200000 -20,200000
197 1734111931 -0,014706 13,600000 48,000000 48,000000 -20,200000
197 1734111932 0,000000 13,600000 48,000000 48,000000 -20,200000
197 1734111933 0,000000 13,600000 48,000000 48,000000 -20,200000
197 1734111934 0,000000 13,600000 48,000000 48,000000 -20,200000
197 1734111935 0,000000 13,600000 48,000000 48,000000 -20,200000
197 1734111936 0,000000 13,600000 48,000000 48,000000 -20,200000
197 1734111937 0,000000 13,600000 48,000000 48,000000 -20,200000
197 1734111938 0,000000 13,600000 48,000000 48,000000 -20,200000
197 1734111939 0,000000 13,600000 48,000000 48,000000 -20,200000
197 1734111940 0,000000 13,600000 48,000000 48,000000 -20,200000
197 1734111941 0,000000 13,600000 48,000000 48,000000 -20,200000
197 1734111942 -0,014493 13,800000 47,800000 47,800000 -20,200000
197 1734111943 -0,014493 13,800000 47,600000 47,600000 -20,200000
197 1734111944 -0,014493 13,800000 47,400000 47,400000 -20,200000
197 1734111945 -0,014493 13,800000 47,200000 47,200000 -20,200000
197 1734111946 -0,014493 13,800000 47,000000 47,000000 -20,200000
197 1734111947 -0,041667 14,400000 46,400000 46,400000 -20,200000
197 1734111948 -0,041667 14,400000 45,800000 45,800000 -20,200000
197 1734111949 -0,041667 14,400000 45,200000 45,200000 -20,200000
197 1734111950 -0,041667 14,400000 44,600000 44,600000 -20,200000
197 1734111951 -0,041667 14,400000 44,000000 44,000000 -20,200000
197 1734111952 0,000000 14,400000 44,000000 44,000000 -20,200000
197 1734111953 0,000000 14,400000 44,000000 44,000000 -20,200000
197 1734111954 0,000000 14,400000 44,000000 44,000000 -20,200000
197 1734111955 0,000000 14,400000 44,000000 44,000000 -20,200000
197 1734111956 0,000000 14,400000 44,000000 44,000000 -20,200000
197 1734111957 0,000000 14,800000 44,000000 44,000000 -20,200000
197 1734111958 0,000000 14,800000 44,000000 44,000000 -20,200000
197 1734111959 0,000000 14,800000 44,000000 44,000000 -20,200000
197 1734111960 0,000000 14,800000 44,000000 44,000000 -20,200000
197 1734111961 0,000000 14,800000 44,000000 44,000000 -20,200000
197 1734111962 0,013333 15,000000 44,200000 44,200000 -20,200000
197 1734111963 0,013333 15,000000 44,400000 44,400000 -20,200000
197 1734111964 0,013333 15,000000 44,600000 44,600000 -20,200000
197 1734111965 0,013333 15,000000 44,800000 44,800000 -20,200000
197 1734111966 0,013333 15,000000 45,000000 45,000000 -20,200000
197 1734111967 0,000000 15,000000 45,000000 45,000000 -20,200000
197 1734111968 0,000000 15,000000 45,000000 45,000000 -20,200000
197 1734111969 0,000000 15,000000 45,000000 45,000000 -20,200000
197 1734111970 0,000000 15,000000 45,000000 45,000000 -20,200000
197 1734111971 0,000000 15,000000 45,000000 45,000000 -20,200000
197 1734111972 0,000000 15,200000 45,000000 45,000000 -20,200000
197 1734111973 0,000000 15,200000 45,000000 45,000000 -20,200000
197 1734111974 0,000000 15,200000 45,000000 45,000000 -20,200000
197 1734111975 0,000000 15,200000 45,000000 45,000000 -20,200000
197 1734111976 0,000000 15,200000 45,000000 45,000000 -20,200000
197 1734111977 0,012821 15,600000 45,200000 45,200000 -20,200000
197 1734111978 0,012821 15,600000 45,400000 45,400000 -20,200000
197 1734111979 0,012821 15,600000 45,600000 45,600000 -20,200000
197 1734111980 0,012821 15,600000 45,800000 45,800000 -20,200000
197 1734111981 0,012821 15,600000 46,000000 46,000000 -20,200000
197 1734111982 0,000000 15,600000 46,000000 46,000000 -20,200000
197 1734111983 0,000000 15,600000 46,000000 46,000000 -20,200000
197 1734111984 0,000000 15,600000 46,000000 46,000000 -20,200000
197 1734111985 0,000000 15,600000 46,000000 46,000000 -20,200000
197 1734111986 0,000000 15,600000 46,000000 46,000000 -20,200000
197 1734111987 0,000000 15,600000 46,000000 46,000000 -20,200000
197 1734111988 0,000000 15,600000 46,000000 46,000000 -20,200000
197 1734111989 0,000000 15,600000 46,000000 46,000000 -20,200000
197 1734111990 0,000000 15,600000 46,000000 46,000000 -20,200000
197 1734111991 0,000000 15,600000 46,000000 46,000000 -20,200000
197 1734111992 0,037037 16,200000 46,600000 46,600000 -20,200000
197 1734111993 0,037037 16,200000 47,200000 47,200000 -20,200000
197 1734111994 0,037037 16,200000 47,800000 47,800000 -20,200000
197 1734111995 0,037037 16,200000 48,400000 48,400000 -20,200000
197 1734111996 0,037037 16,200000 49,000000 49,000000 -20,200000
197 1734111997 0,000000 16,800000 49,000000 49,000000 -20,200000
197 1734111998 0,000000 16,800000 49,000000 49,000000 -20,200000
197 1734111999 0,000000 16,800000 49,000000 49,000000 -20,200000
197 1734112000 0,000000 16,800000 49,000000 49,000000 -20,200000
197 1734112001 0,000000 16,800000 49,000000 49,000000 -20,200000
197 1734112002 -0,011628 17,200000 48,800000 48,800000 -20,200000
197 1734112003 -0,011628 17,200000 48,600000 48,600000 -20,200000
197 1734112004 -0,011628 17,200000 48,400000 48,400000 -20,200000
197 1734112005 -0,011628 17,200000 48,200000 48,200000 -20,200000
197 1734112006 -0,011628 17,200000 48,000000 48,000000 -20,200000
197 1734112007 0,000000 17,400000 48,000000 48,000000 -20,200000
197 1734112008 0,000000 17,400000 48,000000 48,000000 -20,200000
197 1734112009 0,000000 17,400000 48,000000 48,000000 -20,200000
197 1734112010 0,000000 17,400000 48,000000 48,000000 -20,200000
197 1734112011 0,000000 17,400000 48,000000 48,000000 -20,200000
197 1734112012 0,000000 17,400000 48,000000 48,000000 -20,200000
197 1734112013 0,000000 17,400000 48,000000 48,000000 -20,200000
197 1734112014 0,000000 17,400000 48,000000 48,000000 -20,200000
197 1734112015 0,000000 17,400000 48,000000 48,000000 -20,200000
197 1734112016 0,000000 17,400000 48,000000 48,000000 -20,200000
197 1734112017 0,000000 17,400000 48,000000 48,000000 -20,200000
197 1734112018 0,000000 17,400000 48,000000 48,000000 -20,200000
197 1734112019 0,000000 17,400000 48,000000 48,000000 -20,200000
197 1734112020 0,000000 17,400000 48,000000 48,000000 -20,200000
197 1734112021 0,000000 17,400000 48,000000 48,000000 -20,200000
197 1734112022 -0,011364 17,600000 47,800000 47,800000 -20,200000
197 1734112023 -0,011364 17,600000 47,600000 47,600000 -20,200000
197 1734112024 -0,011364 17,600000 47,400000 47,400000 -20,200000
197 1734112025 -0,011364 17,600000 47,200000 47,200000 -20,200000
197 1734112026 -0,011364 17,600000 47,000000 47,000000 -20,200000
197 1734112027 -0,032967 18,200000 46,400000 46,400000 -20,200000
197 1734112028 -0,032967 18,200000 45,800000 45,800000 -20,200000
197 1734112029 -0,032967 18,200000 45,200000 45,200000 -20,200000
197 1734112030 -0,032967 18,200000 44,600000 44,600000 -20,200000
197 1734112031 -0,032967 18,200000 44,000000 44,000000 -20,200000
197 1734112032 0,000000 18,400000 44,000000 44,000000 -20,200000
197 1734112033 0,000000 18,400000 44,000000 44,000000 -20,200000
197 1734112034 0,000000 18,400000 44,000000 44,000000 -20,200000
197 1734112035 0,000000 18,400000 44,000000 44,000000 -20,200000
197 1734112036 0,000000 18,400000 44,000000 44,000000 -20,200000
197 1734112037 0,010753 18,600000 44,200000 44,200000 -20,200000
197 1734112038 0,010753 18,600000 44,400000 44,400000 -20,200000
197 1734112039 0,010753 18,600000 44,600000 44,600000 -20,200000
197 1734112040 0,010753 18,600000 44,800000 44,800000 -20,200000
197 1734112041 0,010753 18,600000 45,000000 45,000000 -20,200000
197 1734112042 0,000000 18,600000 45,000000 45,000000 -20,200000
197 1734112043 0,000000 18,600000 45,000000 45,000000 -20,200000
197 1734112044 0,000000 18,600000 45,000000 45,000000 -20,200000
197 1734112045 0,000000 18,600000 45,000000 45,000000 -20,200000
197 1734112046 0,000000 18,600000 45,000000 45,000000 -20,200000
197 1734112047 0,000000 18,600000 45,000000 45,000000 -20,200000
197 1734112048 0,000000 18,600000 45,000000 45,000000 -20,200000
197 1734112049 0,000000 18,600000 45,000000 45,000000 -20,200000
197 1734112050 0,000000 18,600000 45,000000 45,000000 -20,200000
197 1734112051 0,000000 18,600000 45,000000 45,000000 -20,200000
197 1734112052 0,010526 19,000000 45,200000 45,200000 -20,200000
197 1734112053 0,010526 19,000000 45,400000 45,400000 -20,200000
197 1734112054 0,010526 19,000000 45,600000 45,600000 -20,200000
197 1734112055 0,010526 19,000000 45,800000 45,800000 -20,200000
197 1734112056 0,010526 19,000000 46,000000 46,000000 -20,200000
197 1734112057 0,000000 19,200000 46,000000 46,000000 -20,200000
197 1734112058 0,000000 19,200000 46,000000 46,000000 -20,200000
197 1734112059 0,000000 19,200000 46,000000 46,000000 -20,200000
197 1734112060 0,000000 19,200000 46,000000 46,000000 -20,200000
197 1734112061 0,000000 19,200000 46,000000 46,000000 -20,200000
197 1734112062 0,000000 19,200000 46,000000 46,000000 -20,200000
197 1734112063 0,000000 19,200000 46,000000 46,000000 -20,200000
197 1734112064 0,000000 19,200000 46,000000 46,000000 -20,200000
197 1734112065 0,000000 19,200000 46,000000 46,000000 -20,200000
197 1734112066 0,000000 19,200000 46,000000 46,000000 -20,200000
197 1734112067 -0,010204 19,600000 45,800000 45,800000 -20,200000
197 1734112068 -0,010204 19,600000 45,600000 45,600000 -20,200000
197 1734112069 -0,010204 19,600000 45,400000 45,400000 -20,200000
197 1734112070 -0,010204 19,600000 45,200000 45,200000 -20,200000
197 1734112071 -0,010204 19,600000 45,000000 45,000000 -20,200000
197 1734112072 0,029703 20,200000 45,600000 45,600000 -20,200000
197 1734112073 0,029703 20,200000 46,200000 46,200000 -20,200000
197 1734112074 0,029703 20,200000 46,800000 46,800000 -20,200000
197 1734112075 0,029703 20,200000 47,400000 47,400000 -20,200000
197 1734112076 0,029703 20,200000 48,000000 48,000000 -20,200000
197 1734112077 -0,009615 20,800000 47,800000 47,800000 -20,200000
197 1734112078 -0,009615 20,800000 47,600000 47,600000 -20,200000
197 1734112079 -0,009615 20,800000 47,400000 47,400000 -20,200000
197 1734112080 -0,009615 20,800000 47,200000 47,200000 -20,200000
197 1734112081 -0,009615 20,800000 47,000000 47,000000 -20,200000
197 1734112082 0,000000 20,800000 47,000000 47,000000 -20,200000
197 1734112083 0,000000 20,800000 47,000000 47,000000 -20,200000
197 1734112084 0,000000 20,800000 47,000000 47,000000 -20,200000
197 1734112085 0,000000 20,800000 47,000000 47,000000 -20,200000
197 1734112086 0,000000 20,800000 47,000000 47,000000 -20,200000
197 1734112087 0,000000 20,800000 47,000000 47,000000 -20,200000
197 1734112088 0,000000 20,800000 47,000000 47,000000 -20,200000
197 1734112089 0,000000 20,800000 47,000000 47,000000 -20,200000
197 1734112090 0,000000 20,800000 47,000000 47,000000 -20,200000
197 1734112091 0,000000 20,800000 47,000000 47,000000 -20,200000
197 1734112092 0,000000 20,800000 47,000000 47,000000 -20,200000
197 1734112093 0,000000 20,800000 47,000000 47,000000 -20,200000
197 1734112094 0,000000 20,800000 47,000000 47,000000 -20,200000
197 1734112095 0,000000 20,800000 47,000000 47,000000 -20,200000
197 1734112096 0,000000 20,800000 47,000000 47,000000 -20,200000
197 1734112097 0,000000 20,800000 47,000000 47,000000 -20,200000
197 1734112098 0,000000 20,800000 47,000000 47,000000 -20,200000
197 1734112099 0,000000 20,800000 47,000000 47,000000 -20,200000
197 1734112100 0,000000 20,800000 47,000000 47,000000 -20,200000
197 1734112101 0,000000 20,800000 47,000000 47,000000 -20,200000
197 1734112102 -0,009346 21,400000 46,800000 46,800000 -20,200000
197 1734112103 -0,009346 21,400000 46,600000 46,600000 -20,200000
197 1734112104 -0,009346 21,400000 46,400000 46,400000 -20,200000
197 1734112105 -0,009346 21,400000 46,200000 46,200000 -20,200000
197 1734112106 -0,009346 21,400000 46,000000 46,000000 -20,200000
197 1734112107 -0,018018 22,200000 45,600000 45,600000 -20,200000
197 1734112108 -0,018018 22,200000 45,200000 45,200000 -20,200000
197 1734112109 -0,018018 22,200000 44,800000 44,800000 -20,200000
197 1734112110 -0,018018 22,200000 44,400000 44,400000 -20,200000
197 1734112111 -0,018018 22,200000 44,000000 44,000000 -20,200000
197 1734112112 0,000000 22,200000 44,000000 44,000000 -20,200000
197 1734112113 0,000000 22,200000 44,000000 44,000000 -20,200000
197 1734112114 0,000000 22,200000 44,000000 44,000000 -20,200000
197 1734112115 0,000000 22,200000 44,000000 44,000000 -20,200000
197 1734112116 0,000000 22,200000 44,000000 44,000000 -20,200000
197 1734112117 0,000000 22,200000 44,000000 44,000000 -20,200000
197 1734112118 0,000000 22,200000 44,000000 44,000000 -20,200000
197 1734112119 0,000000 22,200000 44,000000 44,000000 -20,200000
197 1734112120 0,000000 22,200000 44,000000 44,000000 -20,200000
197 1734112121 0,000000 22,200000 44,000000 44,000000 -20,200000
197 1734112122 0,000000 22,200000 44,000000 44,000000 -20,200000
197 1734112123 0,000000 22,200000 44,000000 44,000000 -20,200000
197 1734112124 0,000000 22,200000 44,000000 44,000000 -20,200000
197 1734112125 0,000000 22,200000 44,000000 44,000000 -20,200000
197 1734112126 0,000000 22,200000 44,000000 44,000000 -20,200000
197 1734112127 0,017544 22,800000 44,400000 44,400000 -20,200000
197 1734112128 0,017544 22,800000 44,800000 44,800000 -20,200000
197 1734112129 0,017544 22,800000 45,200000 45,200000 -20,200000
197 1734112130 0,017544 22,800000 45,600000 45,600000 -20,200000
197 1734112131 0,017544 22,800000 46,000000 46,000000 -20,200000
197 1734112132 0,000000 22,800000 46,000000 46,000000 -20,200000
197 1734112133 0,000000 22,800000 46,000000 46,000000 -20,200000
197 1734112134 0,000000 22,800000 46,000000 46,000000 -20,200000
197 1734112135 0,000000 22,800000 46,000000 46,000000 -20,200000
197 1734112136 0,000000 22,800000 46,000000 46,000000 -20,200000
197 1734112137 0,000000 23,000000 46,000000 46,000000 -20,200000
197 1734112138 0,000000 23,000000 46,000000 46,000000 -20,200000
197 1734112139 0,000000 23,000000 46,000000 46,000000 -20,200000
197 1734112140 0,000000 23,000000 46,000000 46,000000 -20,200000
197 1734112141 0,000000 23,000000 46,000000 46,000000 -20,200000
197 1734112142 -0,008621 23,200000 45,800000 45,800000 -20,200000
197 1734112143 -0,008621 23,200000 45,600000 45,600000 -20,200000
197 1734112144 -0,008621 23,200000 45,400000 45,400000 -20,200000
197 1734112145 -0,008621 23,200000 45,200000 45,200000 -20,200000
197 1734112146 -0,008621 23,200000 45,000000 45,000000 -20,200000
197 1734112147 0,000000 23,200000 45,000000 45,000000 -20,200000
197 1734112148 0,000000 23,200000 45,000000 45,000000 -20,200000
197 1734112149 0,000000 23,200000 45,000000 45,000000 -20,200000
197 1734112150 0,000000 23,200000 45,000000 45,000000 -20,200000
197 1734112151 0,000000 23,200000 45,000000 45,000000 -20,200000
197 1734112152 0,024590 24,400000 45,600000 45,600000 -20,200000
197 1734112153 0,024590 24,400000 46,200000 46,200000 -20,200000
197 1734112154 0,024590 24,400000 46,800000 46,800000 -20,200000
197 1734112155 0,024590 24,400000 47,400000 47,400000 -20,200000
197 1734112156 0,024590 24,400000 48,000000 48,000000 -20,200000
197 1734112157 0,008065 24,800000 48,200000 48,200000 -20,200000
197 1734112158 0,008065 24,800000 48,400000 48,400000 -20,200000
197 1734112159 0,008065 24,800000 48,600000 48,600000 -20,200000
197 1734112160 0,008065 24,800000 48,800000 48,800000 -20,200000
197 1734112161 0,008065 24,800000 49,000000 49,000000 -20,200000
197 1734112162 0,000000 24,800000 49,000000 49,000000 -20,200000
197 1734112163 0,000000 24,800000 49,000000 49,000000 -20,200000
197 1734112164 0,000000 24,800000 49,000000 49,000000 -20,200000
197 1734112165 0,000000 24,800000 49,000000 49,000000 -20,200000
197 1734112166 0,000000 24,800000 49,000000 49,000000 -20,200000
197 1734112167 0,000000 24,800000 49,000000 49,000000 -20,200000
197 1734112168 0,000000 24,800000 49,000000 49,000000 -20,200000
197 1734112169 0,000000 24,800000 49,000000 49,000000 -20,200000
197 1734112170 0,000000 24,800000 49,000000 49,000000 -20,200000
197 1734112171 0,000000 24,800000 49,000000 49,000000 -20,200000
197 1734112172 0,000000 24,800000 49,000000 49,000000 -20,200000
197 1734112173 0,000000 24,800000 49,000000 49,000000 -20,200000
197 1734112174 0,000000 24,800000 49,000000 49,000000 -20,200000
197 1734112175 0,000000 24,800000 49,000000 49,000000 -20,200000
197 1734112176 0,000000 24,800000 49,000000 49,000000 -20,200000
197 1734112177 -0,008000 25,000000 48,800000 48,800000 -20,200000
197 1734112178 -0,008000 25,000000 48,600000 48,600000 -20,200000
197 1734112179 -0,008000 25,000000 48,400000 48,400000 -20,200000
197 1734112180 -0,008000 25,000000 48,200000 48,200000 -20,200000
197 1734112181 -0,008000 25,000000 48,000000 48,000000 -20,200000
197 1734112182 0,000000 25,400000 48,000000 48,000000 -20,200000
197 1734112183 0,000000 25,400000 48,000000 48,000000 -20,200000
197 1734112184 0,000000 25,400000 48,000000 48,000000 -20,200000
197 1734112185 0,000000 25,400000 48,000000 48,000000 -20,200000
197 1734112186 0,000000 25,400000 48,000000 48,000000 -20,200000
197 1734112187 -0,023077 26,000000 47,400000 47,400000 -20,200000
197 1734112188 -0,023077 26,000000 46,800000 46,800000 -20,200000
197 1734112189 -0,023077 26,000000 46,200000 46,200000 -20,200000
197 1734112190 -0,023077 26,000000 45,600000 45,600000 -20,200000
197 1734112191 -0,023077 26,000000 45,000000 45,000000 -20,200000
197 1734112192 0,000000 26,000000 45,000000 45,000000 -20,200000
197 1734112193 0,000000 26,000000 45,000000 45,000000 -20,200000
197 1734112194 0,000000 26,000000 45,000000 45,000000 -20,200000
197 1734112195 0,000000 26,000000 45,000000 45,000000 -20,200000
197 1734112257 0,000000 1,000000 49,000000 49,000000 10201,000000
197 1734112256 1,000000 0,200000 49,000000 49,000000 2040,208000
197 1734112255 1,000000 0,200000 48,800000 48,800000 2040,208000
197 1734112254 1,000000 0,200000 48,600000 48,600000 2040,208000
197 1734112253 1,000000 0,200000 48,400000 48,400000 2040,208000
197 1734112252 1,000000 0,200000 48,200000 48,200000 2040,208000
197 1734112251 0,000000 0,200000 48,000000 48,000000 2040,200000
197 1734112250 0,000000 0,200000 48,000000 48,000000 2040,200000
197 1734112249 0,000000 0,200000 48,000000 48,000000 2040,200000
197 1734112248 0,000000 0,200000 48,000000 48,000000 2040,200000
197 1734112247 0,000000 0,200000 48,000000 48,000000 2040,200000
197 1734112246 0,000000 0,200000 48,000000 48,000000 2040,200000
197 1734112245 0,000000 0,200000 48,000000 48,000000 2040,200000
197 1734112244 0,000000 0,200000 48,000000 48,000000 2040,200000
197 1734112243 0,000000 0,200000 48,000000 48,000000 2040,200000
197 1734112242 0,000000 0,200000 48,000000 48,000000 2040,200000
197 1734112241 1,000000 0,200000 48,000000 48,000000 2040,208000
197 1734112240 1,000000 0,200000 47,800000 47,800000 2040,208000
197 1734112239 1,000000 0,200000 47,600000 47,600000 2040,208000
197 1734112238 1,000000 0,200000 47,400000 47,400000 2040,208000
197 1734112237 1,000000 0,200000 47,200000 47,200000 2040,208000
197 1734112236 2,000000 0,200000 47,000000 47,000000 2040,232000
197 1734112235 2,000000 0,200000 46,600000 46,600000 2040,232000
197 1734112234 2,000000 0,200000 46,200000 46,200000 2040,232000
197 1734112233 2,000000 0,200000 45,800000 45,800000 2040,232000
197 1734112232 2,000000 0,200000 45,400000 45,400000 2040,232000
197 1734112231 0,000000 0,200000 45,000000 45,000000 2040,200000
197 1734112230 0,000000 0,200000 45,000000 45,000000 2040,200000
197 1734112229 0,000000 0,200000 45,000000 45,000000 2040,200000
197 1734112228 0,000000 0,200000 45,000000 45,000000 2040,200000
197 1734112227 0,000000 0,200000 45,000000 45,000000 2040,200000
197 1734112226 0,000000 0,200000 45,000000 45,000000 2040,200000
197 1734112225 0,000000 0,200000 45,000000 45,000000 2040,200000
197 1734112224 0,000000 0,200000 45,000000 45,000000 2040,200000
197 1734112223 0,000000 0,200000 45,000000 45,000000 2040,200000
197 1734112222 0,000000 0,200000 45,000000 45,000000 2040,200000
197 1734112221 -1,000000 0,200000 45,000000 45,000000 2040,208000
197 1734112220 -1,000000 0,200000 45,200000 45,200000 2040,208000
197 1734112219 -1,000000 0,200000 45,400000 45,400000 2040,208000
197 1734112218 -1,000000 0,200000 45,600000 45,600000 2040,208000
197 1734112217 -1,000000 0,200000 45,800000 45,800000 2040,208000
197 1734112216 0,000000 0,200000 46,000000 46,000000 2040,200000
197 1734112215 0,000000 0,200000 46,000000 46,000000 2040,200000
197 1734112214 0,000000 0,200000 46,000000 46,000000 2040,200000
197 1734112213 0,000000 0,200000 46,000000 46,000000 2040,200000
197 1734112212 0,000000 0,200000 46,000000 46,000000 2040,200000
197 1734112211 0,000000 0,200000 46,000000 46,000000 2040,200000
197 1734112210 0,000000 0,200000 46,000000 46,000000 2040,200000
197 1734112209 0,000000 0,200000 46,000000 46,000000 2040,200000
197 1734112208 0,000000 0,200000 46,000000 46,000000 2040,200000
197 1734112207 0,000000 0,200000 46,000000 46,000000 2040,200000
197 1734112206 1,000000 0,200000 46,000000 46,000000 2040,208000
197 1734112205 1,000000 0,200000 45,800000 45,800000 2040,208000
197 1734112204 1,000000 0,200000 45,600000 45,600000 2040,208000
197 1734112203 1,000000 0,200000 45,400000 45,400000 2040,208000
197 1734112202 1,000000 0,200000 45,200000 45,200000 2040,208000
197 1734112201 0,000000 0,200000 45,000000 45,000000 2040,200000
197 1734112200 0,000000 0,200000 45,000000 45,000000 2040,200000
197 1734112199 0,000000 0,200000 45,000000 45,000000 2040,200000
197 1734112198 0,000000 0,200000 45,000000 45,000000 2040,200000
197 1734112197 0,000000 0,200000 45,000000 45,000000 2040,200000
197 1734112196 0,000000 0,200000 45,000000 45,000000 2040,200000
197 1734112196 0,000000 26,000000 45,000000 45,000000 -20,200000
197 1734112197 0,000000 26,200000 45,000000 45,000000 -20,200000
197 1734112198 0,000000 26,200000 45,000000 45,000000 -20,200000
197 1734112199 0,000000 26,200000 45,000000 45,000000 -20,200000
197 1734112200 0,000000 26,200000 45,000000 45,000000 -20,200000
197 1734112201 0,000000 26,200000 45,000000 45,000000 -20,200000
197 1734112202 0,007519 26,600000 45,200000 45,200000 -20,200000
197 1734112203 0,007519 26,600000 45,400000 45,400000 -20,200000
197 1734112204 0,007519 26,600000 45,600000 45,600000 -20,200000
197 1734112205 0,007519 26,600000 45,800000 45,800000 -20,200000
197 1734112206 0,007519 26,600000 46,000000 46,000000 -20,200000
197 1734112207 0,000000 26,600000 46,000000 46,000000 -20,200000
197 1734112208 0,000000 26,600000 46,000000 46,000000 -20,200000
197 1734112209 0,000000 26,600000 46,000000 46,000000 -20,200000
197 1734112210 0,000000 26,600000 46,000000 46,000000 -20,200000
197 1734112211 0,000000 26,600000 46,000000 46,000000 -20,200000
197 1734112212 0,000000 26,800000 46,000000 46,000000 -20,200000
197 1734112213 0,000000 26,800000 46,000000 46,000000 -20,200000
197 1734112214 0,000000 26,800000 46,000000 46,000000 -20,200000
197 1734112215 0,000000 26,800000 46,000000 46,000000 -20,200000
197 1734112216 0,000000 26,800000 46,000000 46,000000 -20,200000
197 1734112217 -0,007407 27,000000 45,800000 45,800000 -20,200000
197 1734112218 -0,007407 27,000000 45,600000 45,600000 -20,200000
197 1734112219 -0,007407 27,000000 45,400000 45,400000 -20,200000
197 1734112220 -0,007407 27,000000 45,200000 45,200000 -20,200000
197 1734112221 -0,007407 27,000000 45,000000 45,000000 -20,200000
197 1734112222 0,000000 27,000000 45,000000 45,000000 -20,200000
197 1734112223 0,000000 27,000000 45,000000 45,000000 -20,200000
197 1734112224 0,000000 27,000000 45,000000 45,000000 -20,200000
197 1734112225 0,000000 27,000000 45,000000 45,000000 -20,200000
197 1734112226 0,000000 27,000000 45,000000 45,000000 -20,200000
197 1734112227 0,000000 27,000000 45,000000 45,000000 -20,200000
197 1734112228 0,000000 27,000000 45,000000 45,000000 -20,200000
197 1734112229 0,000000 27,000000 45,000000 45,000000 -20,200000
197 1734112230 0,000000 27,000000 45,000000 45,000000 -20,200000
197 1734112231 0,000000 27,000000 45,000000 45,000000 -20,200000
197 1734112232 0,014286 28,000000 45,400000 45,400000 -20,200000
197 1734112233 0,014286 28,000000 45,800000 45,800000 -20,200000
197 1734112234 0,014286 28,000000 46,200000 46,200000 -20,200000
197 1734112235 0,014286 28,000000 46,600000 46,600000 -20,200000
197 1734112236 0,014286 28,000000 47,000000 47,000000 -20,200000
197 1734112237 0,007092 28,200000 47,200000 47,200000 -20,200000
197 1734112238 0,007092 28,200000 47,400000 47,400000 -20,200000
197 1734112239 0,007092 28,200000 47,600000 47,600000 -20,200000
197 1734112240 0,007092 28,200000 47,800000 47,800000 -20,200000
197 1734112241 0,007092 28,200000 48,000000 48,000000 -20,200000
197 1734112242 0,000000 28,200000 48,000000 48,000000 -20,200000
197 1734112243 0,000000 28,200000 48,000000 48,000000 -20,200000
197 1734112244 0,000000 28,200000 48,000000 48,000000 -20,200000
197 1734112245 0,000000 28,200000 48,000000 48,000000 -20,200000
197 1734112246 0,000000 28,200000 48,000000 48,000000 -20,200000
197 1734112247 0,000000 28,600000 48,000000 48,000000 -20,200000
197 1734112248 0,000000 28,600000 48,000000 48,000000 -20,200000
197 1734112249 0,000000 28,600000 48,000000 48,000000 -20,200000
197 1734112250 0,000000 28,600000 48,000000 48,000000 -20,200000
197 1734112251 0,000000 28,600000 48,000000 48,000000 -20,200000
197 1734112252 0,006944 28,800000 48,200000 48,200000 -20,200000
197 1734112253 0,006944 28,800000 48,400000 48,400000 -20,200000
197 1734112254 0,006944 28,800000 48,600000 48,600000 -20,200000
197 1734112255 0,006944 28,800000 48,800000 48,800000 -20,200000
197 1734112256 0,006944 28,800000 49,000000 49,000000 -20,200000
197 1734112257 0,000000 28,800000 49,000000 49,000000 -20,200000
197 1734112258 0,000000 28,800000 49,000000 49,000000 -20,200000
197 1734112259 0,000000 28,800000 49,000000 49,000000 -20,200000
197 1734112260 0,000000 28,800000 49,000000 49,000000 -20,200000
197 1734112261 0,000000 28,800000 49,000000 49,000000 -20,200000
197 1734112262 -0,006897 29,000000 48,800000 48,800000 -20,200000
197 1734112263 -0,006897 29,000000 48,600000 48,600000 -20,200000
197 1734112264 -0,006897 29,000000 48,400000 48,400000 -20,200000
197 1734112265 -0,006897 29,000000 48,200000 48,200000 -20,200000
197 1734112266 -0,006897 29,000000 48,000000 48,000000 -20,200000
197 1734112267 -0,020270 29,600000 47,400000 47,400000 -20,200000
197 1734112268 -0,020270 29,600000 46,800000 46,800000 -20,200000
197 1734112269 -0,020270 29,600000 46,200000 46,200000 -20,200000
197 1734112270 -0,020270 29,600000 45,600000 45,600000 -20,200000
197 1734112271 -0,020270 29,600000 45,000000 45,000000 -20,200000
197 1734112272 0,000000 29,600000 45,000000 45,000000 -20,200000
197 1734112273 0,000000 29,600000 45,000000 45,000000 -20,200000
197 1734112274 0,000000 29,600000 45,000000 45,000000 -20,200000
197 1734112275 0,000000 29,600000 45,000000 45,000000 -20,200000
197 1734112276 0,000000 29,600000 45,000000 45,000000 -20,200000
197 1734112277 0,000000 30,000000 45,000000 45,000000 -20,200000
197 1734112278 0,000000 30,000000 45,000000 45,000000 -20,200000
197 1734112279 0,000000 30,000000 45,000000 45,000000 -20,200000
197 1734112280 0,000000 30,000000 45,000000 45,000000 -20,200000
197 1734112281 0,000000 30,000000 45,000000 45,000000 -20,200000
197 1734112282 0,006579 30,400000 45,200000 45,200000 -20,200000
197 1734112283 0,006579 30,400000 45,400000 45,400000 -20,200000
197 1734112284 0,006579 30,400000 45,600000 45,600000 -20,200000
197 1734112285 0,006579 30,400000 45,800000 45,800000 -20,200000
197 1734112286 0,006579 30,400000 46,000000 46,000000 -20,200000
197 1734112287 -0,006536 30,600000 45,800000 45,800000 -20,200000
197 1734112288 -0,006536 30,600000 45,600000 45,600000 -20,200000
197 1734112289 -0,006536 30,600000 45,400000 45,400000 -20,200000
197 1734112290 -0,006536 30,600000 45,200000 45,200000 -20,200000
197 1734112291 -0,006536 30,600000 45,000000 45,000000 -20,200000
197 1734112292 0,000000 30,600000 45,000000 45,000000 -20,200000
197 1734112293 0,000000 30,600000 45,000000 45,000000 -20,200000
197 1734112294 0,000000 30,600000 45,000000 45,000000 -20,200000
197 1734112295 0,000000 30,600000 45,000000 45,000000 -20,200000
197 1734112296 0,000000 30,600000 45,000000 45,000000 -20,200000
197 1734112297 0,000000 30,800000 45,000000 45,000000 -20,200000
197 1734112298 0,000000 30,800000 45,000000 45,000000 -20,200000
197 1734112299 0,000000 30,800000 45,000000 45,000000 -20,200000
197 1734112300 0,000000 30,800000 45,000000 45,000000 -20,200000
197 1734112301 0,000000 30,800000 45,000000 45,000000 -20,200000
197 1734112302 0,000000 30,800000 45,000000 45,000000 -20,200000
197 1734112303 0,000000 30,800000 45,000000 45,000000 -20,200000
197 1734112304 0,000000 30,800000 45,000000 45,000000 -20,200000
197 1734112305 0,000000 30,800000 45,000000 45,000000 -20,200000
197 1734112306 0,000000 30,800000 45,000000 45,000000 -20,200000
197 1734112307 -0,012821 31,200000 44,600000 44,600000 -20,200000
197 1734112308 -0,012821 31,200000 44,200000 44,200000 -20,200000
197 1734112309 -0,012821 31,200000 43,800000 43,800000 -20,200000
197 1734112310 -0,012821 31,200000 43,400000 43,400000 -20,200000
197 1734112311 -0,012821 31,200000 43,000000 43,000000 -20,200000
197 1734112312 0,018868 31,800000 43,600000 43,600000 -20,200000
197 1734112313 0,018868 31,800000 44,200000 44,200000 -20,200000
197 1734112314 0,018868 31,800000 44,800000 44,800000 -20,200000
197 1734112315 0,018868 31,800000 45,400000 45,400000 -20,200000
197 1734112316 0,018868 31,800000 46,000000 46,000000 -20,200000
197 1734112317 0,006211 32,200000 46,200000 46,200000 -20,200000
197 1734112318 0,006211 32,200000 46,400000 46,400000 -20,200000
197 1734112319 0,006211 32,200000 46,600000 46,600000 -20,200000
197 1734112320 0,006211 32,200000 46,800000 46,800000 -20,200000
197 1734112321 0,006211 32,200000 47,000000 47,000000 -20,200000
197 1734112322 0,000000 32,200000 47,000000 47,000000 -20,200000
197 1734112323 0,000000 32,200000 47,000000 47,000000 -20,200000
197 1734112324 0,000000 32,200000 47,000000 47,000000 -20,200000
197 1734112325 0,000000 32,200000 47,000000 47,000000 -20,200000
197 1734112326 0,000000 32,200000 47,000000 47,000000 -20,200000
197 1734112327 0,006173 32,400000 47,200000 47,200000 -20,200000
197 1734112328 0,006173 32,400000 47,400000 47,400000 -20,200000
197 1734112329 0,006173 32,400000 47,600000 47,600000 -20,200000
197 1734112330 0,006173 32,400000 47,800000 47,800000 -20,200000
197 1734112331 0,006173 32,400000 48,000000 48,000000 -20,200000
197 1734112332 0,000000 32,400000 48,000000 48,000000 -20,200000
197 1734112333 0,000000 32,400000 48,000000 48,000000 -20,200000
197 1734112334 0,000000 32,400000 48,000000 48,000000 -20,200000
197 1734112335 0,000000 32,400000 48,000000 48,000000 -20,200000
197 1734112336 0,000000 32,400000 48,000000 48,000000 -20,200000
197 1734112337 0,000000 32,400000 48,000000 48,000000 -20,200000
197 1734112338 0,000000 32,400000 48,000000 48,000000 -20,200000
197 1734112339 0,000000 32,400000 48,000000 48,000000 -20,200000
197 1734112340 0,000000 32,400000 48,000000 48,000000 -20,200000
197 1734112341 0,000000 32,400000 48,000000 48,000000 -20,200000
197 1734112342 -0,006098 32,800000 47,800000 47,800000 -20,200000
197 1734112343 -0,006098 32,800000 47,600000 47,600000 -20,200000
197 1734112344 -0,006098 32,800000 47,400000 47,400000 -20,200000
197 1734112345 -0,006098 32,800000 47,200000 47,200000 -20,200000
197 1734112346 -0,006098 32,800000 47,000000 47,000000 -20,200000
197 1734112347 -0,017964 33,400000 46,400000 46,400000 -20,200000
197 1734112348 -0,017964 33,400000 45,800000 45,800000 -20,200000
197 1734112349 -0,017964 33,400000 45,200000 45,200000 -20,200000
197 1734112350 -0,017964 33,400000 44,600000 44,600000 -20,200000
197 1734112351 -0,017964 33,400000 44,000000 44,000000 -20,200000
197 1734112352 0,000000 33,400000 44,000000 44,000000 -20,200000
197 1734112353 0,000000 33,400000 44,000000 44,000000 -20,200000
197 1734112354 0,000000 33,400000 44,000000 44,000000 -20,200000
197 1734112355 0,000000 33,400000 44,000000 44,000000 -20,200000
197 1734112356 0,000000 33,400000 44,000000 44,000000 -20,200000
197 1734112357 0,011765 34,000000 44,400000 44,400000 -20,200000
197 1734112358 0,011765 34,000000 44,800000 44,800000 -20,200000
197 1734112359 0,011765 34,000000 45,200000 45,200000 -20,200000
197 1734112360 0,011765 34,000000 45,600000 45,600000 -20,200000
197 1734112361 0,011765 34,000000 46,000000 46,000000 -20,200000
197 1734112362 0,000000 34,000000 46,000000 46,000000 -20,200000
197 1734112363 0,000000 34,000000 46,000000 46,000000 -20,200000
197 1734112364 0,000000 34,000000 46,000000 46,000000 -20,200000
197 1734112365 0,000000 34,000000 46,000000 46,000000 -20,200000
197 1734112366 0,000000 34,000000 46,000000 46,000000 -20,200000
197 1734112367 -0,005848 34,200000 45,800000 45,800000 -20,200000
197 1734112368 -0,005848 34,200000 45,600000 45,600000 -20,200000
197 1734112369 -0,005848 34,200000 45,400000 45,400000 -20,200000
197 1734112370 -0,005848 34,200000 45,200000 45,200000 -20,200000
197 1734112371 -0,005848 34,200000 45,000000 45,000000 -20,200000
197 1734112372 0,000000 34,200000 45,000000 45,000000 -20,200000
197 1734112373 0,000000 34,200000 45,000000 45,000000 -20,200000
197 1734112374 0,000000 34,200000 45,000000 45,000000 -20,200000
197 1734112375 0,000000 34,200000 45,000000 45,000000 -20,200000
197 1734112376 0,000000 34,200000 45,000000 45,000000 -20,200000
197 1734112377 0,000000 34,200000 45,000000 45,000000 -20,200000
197 1734112378 0,000000 34,200000 45,000000 45,000000 -20,200000
197 1734112379 0,000000 34,200000 45,000000 45,000000 -20,200000
197 1734112380 0,000000 34,200000 45,000000 45,000000 -20,200000
197 1734112381 0,000000 34,200000 45,000000 45,000000 -20,200000
197 1734112382 -0,005780 34,600000 44,800000 44,800000 -20,200000
197 1734112383 -0,005780 34,600000 44,600000 44,600000 -20,200000
197 1734112384 -0,005780 34,600000 44,400000 44,400000 -20,200000
197 1734112385 -0,005780 34,600000 44,200000 44,200000 -20,200000
197 1734112386 -0,005780 34,600000 44,000000 44,000000 -20,200000
197 1734112387 0,000000 34,600000 44,000000 44,000000 -20,200000
197 1734112388 0,000000 34,600000 44,000000 44,000000 -20,200000
197 1734112389 0,000000 34,600000 44,000000 44,000000 -20,200000
197 1734112390 0,000000 34,600000 44,000000 44,000000 -20,200000
197 1734112391 0,000000 34,600000 44,000000 44,000000 -20,200000
197 1734112392 0,016854 35,600000 44,600000 44,600000 -20,200000
197 1734112393 0,016854 35,600000 45,200000 45,200000 -20,200000
197 1734112394 0,016854 35,600000 45,800000 45,800000 -20,200000
197 1734112395 0,016854 35,600000 46,400000 46,400000 -20,200000
197 1734112396 0,016854 35,600000 47,000000 47,000000 -20,200000
197 1734112397 0,005587 35,800000 47,200000 47,200000 -20,200000
197 1734112398 0,005587 35,800000 47,400000 47,400000 -20,200000
197 1734112399 0,005587 35,800000 47,600000 47,600000 -20,200000
197 1734112400 0,005587 35,800000 47,800000 47,800000 -20,200000
197 1734112401 0,005587 35,800000 48,000000 48,000000 -20,200000
197 1734112402 0,005556 36,000000 48,200000 48,200000 -20,200000
197 1734112403 0,005556 36,000000 48,400000 48,400000 -20,200000
197 1734112404 0,005556 36,000000 48,600000 48,600000 -20,200000
197 1734112405 0,005556 36,000000 48,800000 48,800000 -20,200000
197 1734112406 0,005556 36,000000 49,000000 49,000000 -20,200000
197 1734112407 0,000000 36,000000 49,000000 49,000000 -20,200000
197 1734112408 0,000000 36,000000 49,000000 49,000000 -20,200000
197 1734112409 0,000000 36,000000 49,000000 49,000000 -20,200000
197 1734112410 0,000000 36,000000 49,000000 49,000000 -20,200000
197 1734112411 0,000000 36,000000 49,000000 49,000000 -20,200000
197 1734112412 0,000000 36,000000 49,000000 49,000000 -20,200000
197 1734112413 0,000000 36,000000 49,000000 49,000000 -20,200000
197 1734112414 0,000000 36,000000 49,000000 49,000000 -20,200000
197 1734112415 0,000000 36,000000 49,000000 49,000000 -20,200000
197 1734112416 0,000000 36,000000 49,000000 49,000000 -20,200000
197 1734112417 0,000000 36,000000 49,000000 49,000000 -20,200000
197 1734112418 0,000000 36,000000 49,000000 49,000000 -20,200000
197 1734112419 0,000000 36,000000 49,000000 49,000000 -20,200000
197 1734112420 0,000000 36,000000 49,000000 49,000000 -20,200000
197 1734112421 0,000000 36,000000 49,000000 49,000000 -20,200000
197 1734112422 -0,005525 36,200000 48,800000 48,800000 -20,200000
197 1734112423 -0,005525 36,200000 48,600000 48,600000 -20,200000
197 1734112424 -0,005525 36,200000 48,400000 48,400000 -20,200000
197 1734112425 -0,005525 36,200000 48,200000 48,200000 -20,200000
197 1734112426 -0,005525 36,200000 48,000000 48,000000 -20,200000
197 1734112427 -0,016216 37,000000 47,400000 47,400000 -20,200000
197 1734112428 -0,016216 37,000000 46,800000 46,800000 -20,200000
197 1734112429 -0,016216 37,000000 46,200000 46,200000 -20,200000
197 1734112430 -0,016216 37,000000 45,600000 45,600000 -20,200000
197 1734112431 -0,016216 37,000000 45,000000 45,000000 -20,200000
197 1734112432 0,000000 37,800000 45,000000 45,000000 -20,200000
197 1734112433 0,000000 37,800000 45,000000 45,000000 -20,200000
197 1734112434 0,000000 37,800000 45,000000 45,000000 -20,200000
197 1734112435 0,000000 37,800000 45,000000 45,000000 -20,200000
197 1734112436 0,000000 37,800000 45,000000 45,000000 -20,200000
197 1734112437 0,000000 38,000000 45,000000 45,000000 -20,200000
197 1734112438 0,000000 38,000000 45,000000 45,000000 -20,200000
197 1734112439 0,000000 38,000000 45,000000 45,000000 -20,200000
197 1734112440 0,000000 38,000000 45,000000 45,000000 -20,200000
197 1734112441 0,000000 38,000000 45,000000 45,000000 -20,200000
197 1734112442 0,000000 38,000000 45,000000 45,000000 -20,200000
197 1734112443 0,000000 38,000000 45,000000 45,000000 -20,200000
197 1734112444 0,000000 38,000000 45,000000 45,000000 -20,200000
197 1734112445 0,000000 38,000000 45,000000 45,000000 -20,200000
197 1734112446 0,000000 38,000000 45,000000 45,000000 -20,200000
197 1734112447 0,000000 38,000000 45,000000 45,000000 -20,200000
197 1734112448 0,000000 38,000000 45,000000 45,000000 -20,200000
197 1734112449 0,000000 38,000000 45,000000 45,000000 -20,200000
197 1734112450 0,000000 38,000000 45,000000 45,000000 -20,200000
197 1734112451 0,000000 38,000000 45,000000 45,000000 -20,200000
197 1734112452 0,000000 38,000000 45,000000 45,000000 -20,200000
197 1734112453 0,000000 38,000000 45,000000 45,000000 -20,200000
197 1734112454 0,000000 38,000000 45,000000 45,000000 -20,200000
197 1734112455 0,000000 38,000000 45,000000 45,000000 -20,200000
197 1734112456 0,000000 38,000000 45,000000 45,000000 -20,200000
197 1734112457 -0,005208 38,400000 44,800000 44,800000 -20,200000
197 1734112458 -0,005208 38,400000 44,600000 44,600000 -20,200000
197 1734112459 -0,005208 38,400000 44,400000 44,400000 -20,200000
197 1734112460 -0,005208 38,400000 44,200000 44,200000 -20,200000
197 1734112461 -0,005208 38,400000 44,000000 44,000000 -20,200000
197 1734112462 0,000000 38,600000 44,000000 44,000000 -20,200000
197 1734112463 0,000000 38,600000 44,000000 44,000000 -20,200000
197 1734112464 0,000000 38,600000 44,000000 44,000000 -20,200000
197 1734112465 0,000000 38,600000 44,000000 44,000000 -20,200000
197 1734112466 0,000000 38,600000 44,000000 44,000000 -20,200000
197 1734112467 0,000000 38,600000 44,000000 44,000000 -20,200000
197 1734112468 0,000000 38,600000 44,000000 44,000000 -20,200000
197 1734112469 0,000000 38,600000 44,000000 44,000000 -20,200000
197 1734112470 0,000000 38,600000 44,000000 44,000000 -20,200000
197 1734112471 0,000000 38,600000 44,000000 44,000000 -20,200000
197 1734112472 0,020305 39,400000 44,800000 44,800000 -20,200000
197 1734112473 0,020305 39,400000 45,600000 45,600000 -20,200000
197 1734112474 0,020305 39,400000 46,400000 46,400000 -20,200000
197 1734112475 0,020305 39,400000 47,200000 47,200000 -20,200000
197 1734112476 0,020305 39,400000 48,000000 48,000000 -20,200000
197 1734112477 0,005051 39,600000 48,200000 48,200000 -20,200000
197 1734112478 0,005051 39,600000 48,400000 48,400000 -20,200000
197 1734112479 0,005051 39,600000 48,600000 48,600000 -20,200000
197 1734112480 0,005051 39,600000 48,800000 48,800000 -20,200000
197 1734112481 0,005051 39,600000 49,000000 49,000000 -20,200000
197 1734112482 0,000000 39,600000 49,000000 49,000000 -20,200000
197 1734112483 0,000000 39,600000 49,000000 49,000000 -20,200000
197 1734112484 0,000000 39,600000 49,000000 49,000000 -20,200000
197 1734112485 0,000000 39,600000 49,000000 49,000000 -20,200000
197 1734112486 0,000000 39,600000 49,000000 49,000000 -20,200000
197 1734112487 0,000000 39,800000 49,000000 49,000000 -20,200000
197 1734112488 0,000000 39,800000 49,000000 49,000000 -20,200000
197 1734112489 0,000000 39,800000 49,000000 49,000000 -20,200000
197 1734112490 0,000000 39,800000 49,000000 49,000000 -20,200000
197 1734112491 0,000000 39,800000 49,000000 49,000000 -20,200000
197 1734112492 0,000000 39,800000 49,000000 49,000000 -20,200000
197 1734112493 0,000000 39,800000 49,000000 49,000000 -20,200000
197 1734112494 0,000000 39,800000 49,000000 49,000000 -20,200000
197 1734112495 0,000000 39,800000 49,000000 49,000000 -20,200000
197 1734112496 0,000000 39,800000 49,000000 49,000000 -20,200000
197 1734112497 0,000000 40,000000 49,000000 49,000000 -20,200000
197 1734112498 0,000000 40,000000 49,000000 49,000000 -20,200000
197 1734112499 0,000000 40,000000 49,000000 49,000000 -20,200000
197 1734112500 0,000000 40,000000 49,000000 49,000000 -20,200000
197 1734112501 0,000000 40,000000 49,000000 49,000000 -20,200000
197 1734112502 -0,004975 40,200000 48,800000 48,800000 -20,200000
197 1734112503 -0,004975 40,200000 48,600000 48,600000 -20,200000
197 1734112504 -0,004975 40,200000 48,400000 48,400000 -20,200000
197 1734112505 -0,004975 40,200000 48,200000 48,200000 -20,200000
197 1734112506 -0,004975 40,200000 48,000000 48,000000 -20,200000
197 1734112507 -0,014493 41,400000 47,400000 47,400000 -20,200000
197 1734112508 -0,014493 41,400000 46,800000 46,800000 -20,200000
197 1734112509 -0,014493 41,400000 46,200000 46,200000 -20,200000
197 1734112510 -0,014493 41,400000 45,600000 45,600000 -20,200000
197 1734112511 -0,014493 41,400000 45,000000 45,000000 -20,200000
197 1734112512 0,000000 41,400000 45,000000 45,000000 -20,200000
197 1734112513 0,000000 41,400000 45,000000 45,000000 -20,200000
197 1734112514 0,000000 41,400000 45,000000 45,000000 -20,200000
197 1734112515 0,000000 41,400000 45,000000 45,000000 -20,200000
197 1734112516 0,000000 41,400000 45,000000 45,000000 -20,200000
197 1734112517 0,000000 41,400000 45,000000 45,000000 -20,200000
197 1734112518 0,000000 41,400000 45,000000 45,000000 -20,200000
197 1734112519 0,000000 41,400000 45,000000 45,000000 -20,200000
197 1734112520 0,000000 41,400000 45,000000 45,000000 -20,200000
197 1734112521 0,000000 41,400000 45,000000 45,000000 -20,200000
197 1734112522 0,000000 41,400000 45,000000 45,000000 -20,200000
197 1734112523 0,000000 41,400000 45,000000 45,000000 -20,200000
197 1734112524 0,000000 41,400000 45,000000 45,000000 -20,200000
197 1734112525 0,000000 41,400000 45,000000 45,000000 -20,200000
197 1734112526 0,000000 41,400000 45,000000 45,000000 -20,200000
197 1734112527 0,000000 41,400000 45,000000 45,000000 -20,200000
197 1734112528 0,000000 41,400000 45,000000 45,000000 -20,200000
197 1734112529 0,000000 41,400000 45,000000 45,000000 -20,200000
197 1734112530 0,000000 41,400000 45,000000 45,000000 -20,200000
197 1734112531 0,000000 41,400000 45,000000 45,000000 -20,200000
197 1734112532 0,000000 41,600000 45,000000 45,000000 -20,200000
197 1734112533 0,000000 41,600000 45,000000 45,000000 -20,200000
197 1734112534 0,000000 41,600000 45,000000 45,000000 -20,200000
197 1734112535 0,000000 41,600000 45,000000 45,000000 -20,200000
197 1734112536 0,000000 41,600000 45,000000 45,000000 -20,200000
197 1734112537 -0,004739 42,200000 44,800000 44,800000 -20,200000
197 1734112538 -0,004739 42,200000 44,600000 44,600000 -20,200000
197 1734112539 -0,004739 42,200000 44,400000 44,400000 -20,200000
197 1734112540 -0,004739 42,200000 44,200000 44,200000 -20,200000
197 1734112541 -0,004739 42,200000 44,000000 44,000000 -20,200000
197 1734112542 0,000000 42,200000 44,000000 44,000000 -20,200000
197 1734112543 0,000000 42,200000 44,000000 44,000000 -20,200000
197 1734112544 0,000000 42,200000 44,000000 44,000000 -20,200000
197 1734112545 0,000000 42,200000 44,000000 44,000000 -20,200000
197 1734112546 0,000000 42,200000 44,000000 44,000000 -20,200000
197 1734112547 0,004717 42,400000 44,200000 44,200000 -20,200000
197 1734112548 0,004717 42,400000 44,400000 44,400000 -20,200000
197 1734112549 0,004717 42,400000 44,600000 44,600000 -20,200000
197 1734112550 0,004717 42,400000 44,800000 44,800000 -20,200000
197 1734112551 0,004717 42,400000 45,000000 45,000000 -20,200000
197 1734112552 0,013953 43,000000 45,600000 45,600000 -20,200000
197 1734112553 0,013953 43,000000 46,200000 46,200000 -20,200000
197 1734112554 0,013953 43,000000 46,800000 46,800000 -20,200000
197 1734112555 0,013953 43,000000 47,400000 47,400000 -20,200000
197 1734112556 0,013953 43,000000 48,000000 48,000000 -20,200000
197 1734112557 0,004630 43,200000 48,200000 48,200000 -20,200000
197 1734112558 0,004630 43,200000 48,400000 48,400000 -20,200000
197 1734112559 0,004630 43,200000 48,600000 48,600000 -20,200000
197 1734112560 0,004630 43,200000 48,800000 48,800000 -20,200000
197 1734112561 0,004630 43,200000 49,000000 49,000000 -20,200000
197 1734112562 0,000000 43,200000 49,000000 49,000000 -20,200000
197 1734112563 0,000000 43,200000 49,000000 49,000000 -20,200000
197 1734112564 0,000000 43,200000 49,000000 49,000000 -20,200000
197 1734112565 0,000000 43,200000 49,000000 49,000000 -20,200000
197 1734112566 0,000000 43,200000 49,000000 49,000000 -20,200000
197 1734112567 0,000000 43,200000 49,000000 49,000000 -20,200000
197 1734112568 0,000000 43,200000 49,000000 49,000000 -20,200000
197 1734112569 0,000000 43,200000 49,000000 49,000000 -20,200000
197 1734112570 0,000000 43,200000 49,000000 49,000000 -20,200000
197 1734112571 0,000000 43,200000 49,000000 49,000000 -20,200000
197 1734112572 0,000000 43,400000 49,000000 49,000000 -20,200000
197 1734112573 0,000000 43,400000 49,000000 49,000000 -20,200000
197 1734112574 0,000000 43,400000 49,000000 49,000000 -20,200000
197 1734112575 0,000000 43,400000 49,000000 49,000000 -20,200000
197 1734112576 0,000000 43,400000 49,000000 49,000000 -20,200000
197 1734112577 -0,004587 43,600000 48,800000 48,800000 -20,200000
197 1734112578 -0,004587 43,600000 48,600000 48,600000 -20,200000
197 1734112579 -0,004587 43,600000 48,400000 48,400000 -20,200000
197 1734112580 -0,004587 43,600000 48,200000 48,200000 -20,200000
197 1734112581 -0,004587 43,600000 48,000000 48,000000 -20,200000
197 1734112582 0,000000 44,600000 48,000000 48,000000 -20,200000
197 1734112583 0,000000 44,600000 48,000000 48,000000 -20,200000
197 1734112584 0,000000 44,600000 48,000000 48,000000 -20,200000
197 1734112585 0,000000 44,600000 48,000000 48,000000 -20,200000
197 1734112586 0,000000 44,600000 48,000000 48,000000 -20,200000
197 1734112587 -0,013274 45,200000 47,400000 47,400000 -20,200000
197 1734112588 -0,013274 45,200000 46,800000 46,800000 -20,200000
197 1734112589 -0,013274 45,200000 46,200000 46,200000 -20,200000
197 1734112590 -0,013274 45,200000 45,600000 45,600000 -20,200000
197 1734112591 -0,013274 45,200000 45,000000 45,000000 -20,200000
197 1734112592 0,000000 45,200000 45,000000 45,000000 -20,200000
197 1734112593 0,000000 45,200000 45,000000 45,000000 -20,200000
197 1734112594 0,000000 45,200000 45,000000 45,000000 -20,200000
197 1734112595 0,000000 45,200000 45,000000 45,000000 -20,200000
197 1734112596 0,000000 45,200000 45,000000 45,000000 -20,200000
197 1734112597 0,000000 45,200000 45,000000 45,000000 -20,200000
197 1734112598 0,000000 45,200000 45,000000 45,000000 -20,200000
197 1734112599 0,000000 45,200000 45,000000 45,000000 -20,200000
197 1734112600 0,000000 45,200000 45,000000 45,000000 -20,200000
197 1734112601 0,000000 45,200000 45,000000 45,000000 -20,200000
197 1734112602 0,000000 45,200000 45,000000 45,000000 -20,200000
197 1734112603 0,000000 45,200000 45,000000 45,000000 -20,200000
197 1734112604 0,000000 45,200000 45,000000 45,000000 -20,200000
197 1734112605 0,000000 45,200000 45,000000 45,000000 -20,200000
197 1734112606 0,000000 45,200000 45,000000 45,000000 -20,200000
197 1734112607 -0,004386 45,600000 44,800000 44,800000 -20,200000
197 1734112608 -0,004386 45,600000 44,600000 44,600000 -20,200000
197 1734112609 -0,004386 45,600000 44,400000 44,400000 -20,200000
197 1734112610 -0,004386 45,600000 44,200000 44,200000 -20,200000
197 1734112611 -0,004386 45,600000 44,000000 44,000000 -20,200000
197 1734112612 0,000000 45,800000 44,000000 44,000000 -20,200000
197 1734112613 0,000000 45,800000 44,000000 44,000000 -20,200000
197 1734112614 0,000000 45,800000 44,000000 44,000000 -20,200000
197 1734112615 0,000000 45,800000 44,000000 44,000000 -20,200000
197 1734112616 0,000000 45,800000 44,000000 44,000000 -20,200000
197 1734112617 0,000000 45,800000 44,000000 44,000000 -20,200000
197 1734112618 0,000000 45,800000 44,000000 44,000000 -20,200000
197 1734112619 0,000000 45,800000 44,000000 44,000000 -20,200000
197 1734112620 0,000000 45,800000 44,000000 44,000000 -20,200000
197 1734112621 0,000000 45,800000 44,000000 44,000000 -20,200000
197 1734112622 0,004348 46,000000 44,200000 44,200000 -20,200000
197 1734112623 0,004348 46,000000 44,400000 44,400000 -20,200000
197 1734112624 0,004348 46,000000 44,600000 44,600000 -20,200000
197 1734112625 0,004348 46,000000 44,800000 44,800000 -20,200000
197 1734112626 0,004348 46,000000 45,000000 45,000000 -20,200000
197 1734112627 0,000000 46,000000 45,000000 45,000000 -20,200000
197 1734112628 0,000000 46,000000 45,000000 45,000000 -20,200000
197 1734112629 0,000000 46,000000 45,000000 45,000000 -20,200000
197 1734112630 0,000000 46,000000 45,000000 45,000000 -20,200000
197 1734112631 0,000000 46,000000 45,000000 45,000000 -20,200000
197 1734112632 0,012821 46,800000 45,600000 45,600000 -20,200000
197 1734112633 0,012821 46,800000 46,200000 46,200000 -20,200000
197 1734112634 0,012821 46,800000 46,800000 46,800000 -20,200000
197 1734112635 0,012821 46,800000 47,400000 47,400000 -20,200000
197 1734112636 0,012821 46,800000 48,000000 48,000000 -20,200000
197 1734112637 0,004255 47,000000 48,200000 48,200000 -20,200000
197 1734112638 0,004255 47,000000 48,400000 48,400000 -20,200000
197 1734112639 0,004255 47,000000 48,600000 48,600000 -20,200000
197 1734112640 0,004255 47,000000 48,800000 48,800000 -20,200000
197 1734112641 0,004255 47,000000 49,000000 49,000000 -20,200000
197 1734112642 0,000000 47,200000 49,000000 49,000000 -20,200000
197 1734112643 0,000000 47,200000 49,000000 49,000000 -20,200000
197 1734112644 0,000000 47,200000 49,000000 49,000000 -20,200000
197 1734112645 0,000000 47,200000 49,000000 49,000000 -20,200000
197 1734112646 0,000000 47,200000 49,000000 49,000000 -20,200000
197 1734112647 0,000000 47,200000 49,000000 49,000000 -20,200000
197 1734112648 0,000000 47,200000 49,000000 49,000000 -20,200000
197 1734112649 0,000000 47,200000 49,000000 49,000000 -20,200000
197 1734112650 0,000000 47,200000 49,000000 49,000000 -20,200000
197 1734112651 0,000000 47,200000 49,000000 49,000000 -20,200000
197 1734112652 0,000000 47,200000 49,000000 49,000000 -20,200000
197 1734112653 0,000000 47,200000 49,000000 49,000000 -20,200000
197 1734112654 0,000000 47,200000 49,000000 49,000000 -20,200000
197 1734112655 0,000000 47,200000 49,000000 49,000000 -20,200000
197 1734112656 0,000000 47,200000 49,000000 49,000000 -20,200000
197 1734112657 0,004219 47,400000 49,200000 49,200000 -20,200000
197 1734112658 0,004219 47,400000 49,400000 49,400000 -20,200000
197 1734112659 0,004219 47,400000 49,600000 49,600000 -20,200000
197 1734112660 0,004219 47,400000 49,800000 49,800000 -20,200000
197 1734112661 0,004219 47,400000 50,000000 50,000000 -20,200000
197 1734112662 -0,004184 47,800000 49,800000 49,800000 -20,200000
197 1734112663 -0,004184 47,800000 49,600000 49,600000 -20,200000
197 1734112664 -0,004184 47,800000 49,400000 49,400000 -20,200000
197 1734112665 -0,004184 47,800000 49,200000 49,200000 -20,200000
197 1734112666 -0,004184 47,800000 49,000000 49,000000 -20,200000
197 1734112667 -0,012397 48,400000 48,400000 48,400000 -20,200000
197 1734112668 -0,012397 48,400000 47,800000 47,800000 -20,200000
197 1734112669 -0,012397 48,400000 47,200000 47,200000 -20,200000
197 1734112670 -0,012397 48,400000 46,600000 46,600000 -20,200000
197 1734112671 -0,012397 48,400000 46,000000 46,000000 -20,200000
197 1734112672 0,000000 48,400000 46,000000 46,000000 -20,200000
197 1734112673 0,000000 48,400000 46,000000 46,000000 -20,200000
197 1734112674 0,000000 48,400000 46,000000 46,000000 -20,200000
197 1734112675 0,000000 48,400000 46,000000 46,000000 -20,200000
197 1734112676 0,000000 48,400000 46,000000 46,000000 -20,200000
197 1734112677 0,000000 48,800000 46,000000 46,000000 -20,200000
197 1734112678 0,000000 48,800000 46,000000 46,000000 -20,200000
197 1734112679 0,000000 48,800000 46,000000 46,000000 -20,200000
197 1734112680 0,000000 48,800000 46,000000 46,000000 -20,200000
197 1734112681 0,000000 48,800000 46,000000 46,000000 -20,200000
197 1734112682 0,000000 48,800000 46,000000 46,000000 -20,200000
197 1734112683 0,000000 48,800000 46,000000 46,000000 -20,200000
197 1734112684 0,000000 48,800000 46,000000 46,000000 -20,200000
197 1734112685 0,000000 48,800000 46,000000 46,000000 -20,200000
197 1734112686 0,000000 48,800000 46,000000 46,000000 -20,200000
197 1734112687 -0,008130 49,200000 45,600000 45,600000 -20,200000
197 1734112688 -0,008130 49,200000 45,200000 45,200000 -20,200000
197 1734112689 -0,008130 49,200000 44,800000 44,800000 -20,200000
197 1734112690 -0,008130 49,200000 44,400000 44,400000 -20,200000
197 1734112691 -0,008130 49,200000 44,000000 44,000000 -20,200000
197 1734112692 0,000000 49,400000 44,000000 44,000000 -20,200000
197 1734112693 0,000000 49,400000 44,000000 44,000000 -20,200000
197 1734112694 0,000000 49,400000 44,000000 44,000000 -20,200000
197 1734112695 0,000000 49,400000 44,000000 44,000000 -20,200000
197 1734112696 0,000000 49,400000 44,000000 44,000000 -20,200000
197 1734112697 0,000000 49,400000 44,000000 44,000000 -20,200000
197 1734112698 0,000000 49,400000 44,000000 44,000000 -20,200000
197 1734112699 0,000000 49,400000 44,000000 44,000000 -20,200000
197 1734112700 0,000000 49,400000 44,000000 44,000000 -20,200000
197 1734112701 0,000000 49,400000 44,000000 44,000000 -20,200000
197 1734112702 0,000000 49,400000 44,000000 44,000000 -20,200000
197 1734112703 0,000000 49,400000 44,000000 44,000000 -20,200000
197 1734112704 0,000000 49,400000 44,000000 44,000000 -20,200000
197 1734112705 0,000000 49,400000 44,000000 44,000000 -20,200000
197 1734112706 0,000000 49,400000 44,000000 44,000000 -20,200000
197 1734112707 0,000000 49,400000 44,000000 44,000000 -20,200000
197 1734112708 0,000000 49,400000 44,000000 44,000000 -20,200000
197 1734112709 0,000000 49,400000 44,000000 44,000000 -20,200000
197 1734112710 0,000000 49,400000 44,000000 44,000000 -20,200000
197 1734112711 0,000000 49,400000 44,000000 44,000000 -20,200000
197 1734112712 0,012000 50,000000 44,600000 44,600000 -20,200000
197 1734112713 0,012000 50,000000 45,200000 45,200000 -20,200000
197 1734112714 0,012000 50,000000 45,800000 45,800000 -20,200000
197 1734112715 0,012000 50,000000 46,400000 46,400000 -20,200000
197 1734112716 0,012000 50,000000 47,000000 47,000000 -20,200000
197 1734112717 0,003968 50,400000 47,200000 47,200000 -20,200000
197 1734112718 0,003968 50,400000 47,400000 47,400000 -20,200000
197 1734112719 0,003968 50,400000 47,600000 47,600000 -20,200000
197 1734112720 0,003968 50,400000 47,800000 47,800000 -20,200000
197 1734112721 0,003968 50,400000 48,000000 48,000000 -20,200000
197 1734112722 0,000000 50,400000 48,000000 48,000000 -20,200000
197 1734112723 0,000000 50,400000 48,000000 48,000000 -20,200000
197 1734112724 0,000000 50,400000 48,000000 48,000000 -20,200000
197 1734112725 0,000000 50,400000 48,000000 48,000000 -20,200000
197 1734112726 0,000000 50,400000 48,000000 48,000000 -20,200000
197 1734112727 -0,003937 50,800000 47,800000 47,800000 -20,200000
197 1734112728 -0,003937 50,800000 47,600000 47,600000 -20,200000
197 1734112729 -0,003937 50,800000 47,400000 47,400000 -20,200000
197 1734112730 -0,003937 50,800000 47,200000 47,200000 -20,200000
197 1734112731 -0,003937 50,800000 47,000000 47,000000 -20,200000
197 1734112732 0,000000 51,000000 47,000000 47,000000 -20,200000
197 1734112733 0,000000 51,000000 47,000000 47,000000 -20,200000
197 1734112734 0,000000 51,000000 47,000000 47,000000 -20,200000
197 1734112735 0,000000 51,000000 47,000000 47,000000 -20,200000
197 1734112736 0,000000 51,000000 47,000000 47,000000 -20,200000
197 1734112737 0,007782 51,400000 47,400000 47,400000 -20,200000
197 1734112738 0,007782 51,400000 47,800000 47,800000 -20,200000
197 1734112739 0,007782 51,400000 48,200000 48,200000 -20,200000
197 1734112740 0,007782 51,400000 48,600000 48,600000 -20,200000
197 1734112741 0,007782 51,400000 49,000000 49,000000 -20,200000
197 1734112742 -0,003876 51,600000 48,800000 48,800000 -20,200000
197 1734112743 -0,003876 51,600000 48,600000 48,600000 -20,200000
197 1734112744 -0,003876 51,600000 48,400000 48,400000 -20,200000
197 1734112745 -0,003876 51,600000 48,200000 48,200000 -20,200000
197 1734112746 -0,003876 51,600000 48,000000 48,000000 -20,200000
197 1734112747 -0,011494 52,200000 47,400000 47,400000 -20,200000
197 1734112748 -0,011494 52,200000 46,800000 46,800000 -20,200000
197 1734112749 -0,011494 52,200000 46,200000 46,200000 -20,200000
197 1734112750 -0,011494 52,200000 45,600000 45,600000 -20,200000
197 1734112751 -0,011494 52,200000 45,000000 45,000000 -20,200000
197 1734112752 0,000000 52,400000 45,000000 45,000000 -20,200000
197 1734112753 0,000000 52,400000 45,000000 45,000000 -20,200000
197 1734112754 0,000000 52,400000 45,000000 45,000000 -20,200000
197 1734112755 0,000000 52,400000 45,000000 45,000000 -20,200000
197 1734112756 0,000000 52,400000 45,000000 45,000000 -20,200000
197 1734112757 0,000000 52,400000 45,000000 45,000000 -20,200000
197 1734112758 0,000000 52,400000 45,000000 45,000000 -20,200000
197 1734112759 0,000000 52,400000 45,000000 45,000000 -20,200000
197 1734112760 0,000000 52,400000 45,000000 45,000000 -20,200000
197 1734112761 0,000000 52,400000 45,000000 45,000000 -20,200000
197 1734112762 -0,003788 52,800000 44,800000 44,800000 -20,200000
197 1734112763 -0,003788 52,800000 44,600000 44,600000 -20,200000
197 1734112764 -0,003788 52,800000 44,400000 44,400000 -20,200000
197 1734112765 -0,003788 52,800000 44,200000 44,200000 -20,200000
197 1734112766 -0,003788 52,800000 44,000000 44,000000 -20,200000
197 1734112767 0,003774 53,000000 44,200000 44,200000 -20,200000
197 1734112768 0,003774 53,000000 44,400000 44,400000 -20,200000
197 1734112769 0,003774 53,000000 44,600000 44,600000 -20,200000
197 1734112770 0,003774 53,000000 44,800000 44,800000 -20,200000
197 1734112771 0,003774 53,000000 45,000000 45,000000 -20,200000
197 1734112772 0,000000 53,000000 45,000000 45,000000 -20,200000
197 1734112773 0,000000 53,000000 45,000000 45,000000 -20,200000
197 1734112774 0,000000 53,000000 45,000000 45,000000 -20,200000
197 1734112775 0,000000 53,000000 45,000000 45,000000 -20,200000
197 1734112776 0,000000 53,000000 45,000000 45,000000 -20,200000
197 1734112777 0,000000 53,200000 45,000000 45,000000 -20,200000
197 1734112778 0,000000 53,200000 45,000000 45,000000 -20,200000
197 1734112779 0,000000 53,200000 45,000000 45,000000 -20,200000
197 1734112780 0,000000 53,200000 45,000000 45,000000 -20,200000
197 1734112781 0,000000 53,200000 45,000000 45,000000 -20,200000
197 1734112782 0,000000 53,200000 45,000000 45,000000 -20,200000
197 1734112783 0,000000 53,200000 45,000000 45,000000 -20,200000
197 1734112784 0,000000 53,200000 45,000000 45,000000 -20,200000
197 1734112785 0,000000 53,200000 45,000000 45,000000 -20,200000
197 1734112786 0,000000 53,200000 45,000000 45,000000 -20,200000
197 1734112787 0,000000 53,400000 45,000000 45,000000 -20,200000
197 1734112788 0,000000 53,400000 45,000000 45,000000 -20,200000
197 1734112789 0,000000 53,400000 45,000000 45,000000 -20,200000
197 1734112790 0,000000 53,400000 45,000000 45,000000 -20,200000
197 1734112791 0,000000 53,400000 45,000000 45,000000 -20,200000
197 1734112792 0,011111 54,000000 45,600000 45,600000 -20,200000
197 1734112793 0,011111 54,000000 46,200000 46,200000 -20,200000
197 1734112794 0,011111 54,000000 46,800000 46,800000 -20,200000
197 1734112795 0,011111 54,000000 47,400000 47,400000 -20,200000
197 1734112796 0,011111 54,000000 48,000000 48,000000 -20,200000
197 1734112797 0,000000 54,400000 48,000000 48,000000 -20,200000
197 1734112798 0,000000 54,400000 48,000000 48,000000 -20,200000
197 1734112799 0,000000 54,400000 48,000000 48,000000 -20,200000
197 1734112800 0,000000 54,400000 48,000000 48,000000 -20,200000
197 1734112801 0,000000 54,400000 48,000000 48,000000 -20,200000
197 1734112802 0,000000 54,400000 48,000000 48,000000 -20,200000
197 1734112803 0,000000 54,400000 48,000000 48,000000 -20,200000
197 1734112804 0,000000 54,400000 48,000000 48,000000 -20,200000
197 1734112805 0,000000 54,400000 48,000000 48,000000 -20,200000
197 1734112806 0,000000 54,400000 48,000000 48,000000 -20,200000
197 1734112807 0,000000 54,400000 48,000000 48,000000 -20,200000
197 1734112808 0,000000 54,400000 48,000000 48,000000 -20,200000
197 1734112809 0,000000 54,400000 48,000000 48,000000 -20,200000
197 1734112810 0,000000 54,400000 48,000000 48,000000 -20,200000
197 1734112811 0,000000 54,400000 48,000000 48,000000 -20,200000
197 1734112812 0,003650 54,800000 48,200000 48,200000 -20,200000
197 1734112813 0,003650 54,800000 48,400000 48,400000 -20,200000
197 1734112814 0,003650 54,800000 48,600000 48,600000 -20,200000
197 1734112815 0,003650 54,800000 48,800000 48,800000 -20,200000
197 1734112816 0,003650 54,800000 49,000000 49,000000 -20,200000
197 1734112817 0,000000 54,800000 49,000000 49,000000 -20,200000
197 1734112818 0,000000 54,800000 49,000000 49,000000 -20,200000
197 1734112819 0,000000 54,800000 49,000000 49,000000 -20,200000
197 1734112820 0,000000 54,800000 49,000000 49,000000 -20,200000
197 1734112821 0,000000 54,800000 49,000000 49,000000 -20,200000
197 1734112822 -0,003610 55,400000 48,800000 48,800000 -20,200000
197 1734112823 -0,003610 55,400000 48,600000 48,600000 -20,200000
197 1734112824 -0,003610 55,400000 48,400000 48,400000 -20,200000
197 1734112825 -0,003610 55,400000 48,200000 48,200000 -20,200000
197 1734112826 -0,003610 55,400000 48,000000 48,000000 -20,200000
197 1734112827 -0,010714 56,000000 47,400000 47,400000 -20,200000
197 1734112828 -0,010714 56,000000 46,800000 46,800000 -20,200000
197 1734112829 -0,010714 56,000000 46,200000 46,200000 -20,200000
197 1734112830 -0,010714 56,000000 45,600000 45,600000 -20,200000
197 1734112831 -0,010714 56,000000 45,000000 45,000000 -20,200000
197 1734112832 0,000000 56,000000 45,000000 45,000000 -20,200000
197 1734112833 0,000000 56,000000 45,000000 45,000000 -20,200000
197 1734112834 0,000000 56,000000 45,000000 45,000000 -20,200000
197 1734112835 0,000000 56,000000 45,000000 45,000000 -20,200000
197 1734112836 0,000000 56,000000 45,000000 45,000000 -20,200000
197 1734112837 -0,003534 56,600000 44,800000 44,800000 -20,200000
197 1734112838 -0,003534 56,600000 44,600000 44,600000 -20,200000
197 1734112839 -0,003534 56,600000 44,400000 44,400000 -20,200000
197 1734112840 -0,003534 56,600000 44,200000 44,200000 -20,200000
197 1734112841 -0,003534 56,600000 44,000000 44,000000 -20,200000
197 1734112842 0,000000 56,600000 44,000000 44,000000 -20,200000
197 1734112843 0,000000 56,600000 44,000000 44,000000 -20,200000
197 1734112844 0,000000 56,600000 44,000000 44,000000 -20,200000
197 1734112845 0,000000 56,600000 44,000000 44,000000 -20,200000
197 1734112846 0,000000 56,600000 44,000000 44,000000 -20,200000
197 1734112847 0,000000 56,600000 44,000000 44,000000 -20,200000
197 1734112848 0,000000 56,600000 44,000000 44,000000 -20,200000
197 1734112849 0,000000 56,600000 44,000000 44,000000 -20,200000
197 1734112850 0,000000 56,600000 44,000000 44,000000 -20,200000
197 1734112851 0,000000 56,600000 44,000000 44,000000 -20,200000
197 1734112852 0,000000 56,600000 44,000000 44,000000 -20,200000
197 1734112853 0,000000 56,600000 44,000000 44,000000 -20,200000
197 1734112854 0,000000 56,600000 44,000000 44,000000 -20,200000
197 1734112855 0,000000 56,600000 44,000000 44,000000 -20,200000
197 1734112856 0,000000 56,600000 44,000000 44,000000 -20,200000
197 1734112857 0,000000 56,800000 44,000000 44,000000 -20,200000
197 1734112858 0,000000 56,800000 44,000000 44,000000 -20,200000
197 1734112859 0,000000 56,800000 44,000000 44,000000 -20,200000
197 1734112860 0,000000 56,800000 44,000000 44,000000 -20,200000
197 1734112861 0,000000 56,800000 44,000000 44,000000 -20,200000
197 1734112862 0,000000 56,800000 44,000000 44,000000 -20,200000
197 1734112863 0,000000 56,800000 44,000000 44,000000 -20,200000
197 1734112864 0,000000 56,800000 44,000000 44,000000 -20,200000
197 1734112865 0,000000 56,800000 44,000000 44,000000 -20,200000
197 1734112866 0,000000 56,800000 44,000000 44,000000 -20,200000
197 1734112867 0,000000 56,800000 44,000000 44,000000 -20,200000
197 1734112868 0,000000 56,800000 44,000000 44,000000 -20,200000
197 1734112869 0,000000 56,800000 44,000000 44,000000 -20,200000
197 1734112870 0,000000 56,800000 44,000000 44,000000 -20,200000
197 1734112871 0,000000 56,800000 44,000000 44,000000 -20,200000
197 1734112872 0,006920 57,800000 44,400000 44,400000 -20,200000
197 1734112873 0,006920 57,800000 44,800000 44,800000 -20,200000
197 1734112874 0,006920 57,800000 45,200000 45,200000 -20,200000
197 1734112875 0,006920 57,800000 45,600000 45,600000 -20,200000
197 1734112876 0,006920 57,800000 46,000000 46,000000 -20,200000
197 1734112877 0,003448 58,000000 46,200000 46,200000 -20,200000
197 1734112878 0,003448 58,000000 46,400000 46,400000 -20,200000
197 1734112879 0,003448 58,000000 46,600000 46,600000 -20,200000
197 1734112880 0,003448 58,000000 46,800000 46,800000 -20,200000
197 1734112881 0,003448 58,000000 47,000000 47,000000 -20,200000
197 1734112882 0,000000 58,000000 47,000000 47,000000 -20,200000
197 1734112883 0,000000 58,000000 47,000000 47,000000 -20,200000
197 1734112884 0,000000 58,000000 47,000000 47,000000 -20,200000
197 1734112885 0,000000 58,000000 47,000000 47,000000 -20,200000
197 1734112886 0,000000 58,000000 47,000000 47,000000 -20,200000
197 1734112887 0,006826 58,600000 47,400000 47,400000 -20,200000
197 1734112888 0,006826 58,600000 47,800000 47,800000 -20,200000
197 1734112889 0,006826 58,600000 48,200000 48,200000 -20,200000
197 1734112890 0,006826 58,600000 48,600000 48,600000 -20,200000
197 1734112891 0,006826 58,600000 49,000000 49,000000 -20,200000
197 1734112892 0,000000 58,600000 49,000000 49,000000 -20,200000
197 1734112893 0,000000 58,600000 49,000000 49,000000 -20,200000
197 1734112894 0,000000 58,600000 49,000000 49,000000 -20,200000
197 1734112895 0,000000 58,600000 49,000000 49,000000 -20,200000
197 1734112896 0,000000 58,600000 49,000000 49,000000 -20,200000
197 1734112897 0,000000 58,800000 49,000000 49,000000 -20,200000
197 1734112898 0,000000 58,800000 49,000000 49,000000 -20,200000
197 1734112899 0,000000 58,800000 49,000000 49,000000 -20,200000
197 1734112900 0,000000 58,800000 49,000000 49,000000 -20,200000
197 1734112901 0,000000 58,800000 49,000000 49,000000 -20,200000
197 1734112902 -0,003390 59,000000 48,800000 48,800000 -20,200000
197 1734112903 -0,003390 59,000000 48,600000 48,600000 -20,200000
197 1734112904 -0,003390 59,000000 48,400000 48,400000 -20,200000
197 1734112905 -0,003390 59,000000 48,200000 48,200000 -20,200000
197 1734112906 -0,003390 59,000000 48,000000 48,000000 -20,200000
197 1734112907 -0,010067 59,600000 47,400000 47,400000 -20,200000
197 1734112908 -0,010067 59,600000 46,800000 46,800000 -20,200000
197 1734112909 -0,010067 59,600000 46,200000 46,200000 -20,200000
197 1734112910 -0,010067 59,600000 45,600000 45,600000 -20,200000
197 1734112911 -0,010067 59,600000 45,000000 45,000000 -20,200000
197 1734112912 0,000000 60,000000 45,000000 45,000000 -20,200000
197 1734112913 0,000000 60,000000 45,000000 45,000000 -20,200000
197 1734112914 0,000000 60,000000 45,000000 45,000000 -20,200000
197 1734112915 0,000000 60,000000 45,000000 45,000000 -20,200000
197 1734112916 0,000000 60,000000 45,000000 45,000000 -20,200000
197 1734112917 -0,003311 60,400000 44,800000 44,800000 -20,200000
197 1734112918 -0,003311 60,400000 44,600000 44,600000 -20,200000
197 1734112919 -0,003311 60,400000 44,400000 44,400000 -20,200000
197 1734112920 -0,003311 60,400000 44,200000 44,200000 -20,200000
197 1734112921 -0,003311 60,400000 44,000000 44,000000 -20,200000
197 1734112922 0,000000 60,400000 44,000000 44,000000 -20,200000
197 1734112923 0,000000 60,400000 44,000000 44,000000 -20,200000
197 1734112924 0,000000 60,400000 44,000000 44,000000 -20,200000
197 1734112925 0,000000 60,400000 44,000000 44,000000 -20,200000
197 1734112926 0,000000 60,400000 44,000000 44,000000 -20,200000
197 1734112927 0,000000 60,400000 44,000000 44,000000 -20,200000
197 1734112928 0,000000 60,400000 44,000000 44,000000 -20,200000
197 1734112929 0,000000 60,400000 44,000000 44,000000 -20,200000
197 1734112930 0,000000 60,400000 44,000000 44,000000 -20,200000
197 1734112931 0,000000 60,400000 44,000000 44,000000 -20,200000
197 1734112932 0,000000 60,600000 44,000000 44,000000 -20,200000
197 1734112933 0,000000 60,600000 44,000000 44,000000 -20,200000
197 1734112934 0,000000 60,600000 44,000000 44,000000 -20,200000
197 1734112935 0,000000 60,600000 44,000000 44,000000 -20,200000
197 1734112936 0,000000 60,600000 44,000000 44,000000 -20,200000
197 1734112937 0,000000 60,600000 44,000000 44,000000 -20,200000
197 1734112938 0,000000 60,600000 44,000000 44,000000 -20,200000
197 1734112939 0,000000 60,600000 44,000000 44,000000 -20,200000
197 1734112940 0,000000 60,600000 44,000000 44,000000 -20,200000
197 1734112941 0,000000 60,600000 44,000000 44,000000 -20,200000
197 1734112942 0,000000 60,600000 44,000000 44,000000 -20,200000
197 1734112943 0,000000 60,600000 44,000000 44,000000 -20,200000
197 1734112944 0,000000 60,600000 44,000000 44,000000 -20,200000
197 1734112945 0,000000 60,600000 44,000000 44,000000 -20,200000
197 1734112946 0,000000 60,600000 44,000000 44,000000 -20,200000
197 1734112947 -0,003289 60,800000 43,800000 43,800000 -20,200000
197 1734112948 -0,003289 60,800000 43,600000 43,600000 -20,200000
197 1734112949 -0,003289 60,800000 43,400000 43,400000 -20,200000
197 1734112950 -0,003289 60,800000 43,200000 43,200000 -20,200000
197 1734112951 -0,003289 60,800000 43,000000 43,000000 -20,200000
197 1734112952 0,009772 61,400000 43,600000 43,600000 -20,200000
197 1734112953 0,009772 61,400000 44,200000 44,200000 -20,200000
197 1734112954 0,009772 61,400000 44,800000 44,800000 -20,200000
197 1734112955 0,009772 61,400000 45,400000 45,400000 -20,200000
197 1734112956 0,009772 61,400000 46,000000 46,000000 -20,200000
197 1734112957 0,003247 61,600000 46,200000 46,200000 -20,200000
197 1734112958 0,003247 61,600000 46,400000 46,400000 -20,200000
197 1734112959 0,003247 61,600000 46,600000 46,600000 -20,200000
197 1734112960 0,003247 61,600000 46,800000 46,800000 -20,200000
197 1734112961 0,003247 61,600000 47,000000 47,000000 -20,200000
197 1734112962 0,006452 62,000000 47,400000 47,400000 -20,200000
197 1734112963 0,006452 62,000000 47,800000 47,800000 -20,200000
197 1734112964 0,006452 62,000000 48,200000 48,200000 -20,200000
