192 1734111672 76060,600000 -1,000000 -101,000000 0,000000 0,000000
192 1734111673 76060,600000 -1,000000 -101,000000 0,000000 0,000000
192 1734111674 76060,600000 -1,000000 -101,000000 0,000000 0,000000
192 1734111675 76060,600000 -1,000000 -101,000000 0,000000 0,000000
192 1734111676 76060,600000 -1,000000 -101,000000 0,000000 0,000000
192 1734111677 22120,000000 -1,000000 -101,000000 0,000000 0,000000
192 1734111678 22120,000000 -1,000000 -101,000000 0,000000 0,000000
192 1734111679 22120,000000 -1,000000 -101,000000 0,000000 0,000000
192 1734111680 22120,000000 -1,000000 -101,000000 0,000000 0,000000
192 1734111681 22120,000000 -1,000000 -101,000000 0,000000 0,000000
192 1734111682 31644,400000 -1,000000 -101,000000 0,000000 0,000000
192 1734111683 31644,400000 -1,000000 -101,000000 0,000000 0,000000
192 1734111684 31644,400000 -1,000000 -101,000000 0,000000 0,000000
192 1734111685 31644,400000 -1,000000 -101,000000 0,000000 0,000000
192 1734111686 31644,400000 -1,000000 -101,000000 0,000000 0,000000
192 1734111687 15478,800000 -1,000000 -101,000000 0,000000 0,000000
192 1734111688 15478,800000 -1,000000 -101,000000 0,000000 0,000000
192 1734111689 15478,800000 -1,000000 -101,000000 0,000000 0,000000
192 1734111690 15478,800000 -1,000000 -101,000000 0,000000 0,000000
192 1734111691 15478,800000 -1,000000 -101,000000 0,000000 0,000000
192 1734111692 13361,200000 -1,000000 -101,000000 0,000000 0,000000
192 1734111693 13361,200000 -1,000000 -101,000000 0,000000 0,000000
192 1734111694 13361,200000 -1,000000 -101,000000 0,000000 0,000000
192 1734111695 13361,200000 -1,000000 -101,000000 0,000000 0,000000
192 1734111696 13361,200000 -1,000000 -101,000000 0,000000 0,000000
192 1734111697 2560,800000 -1,000000 -101,000000 0,000000 0,000000
192 1734111698 2560,800000 -1,000000 -101,000000 0,000000 0,000000
192 1734111699 2560,800000 -1,000000 -101,000000 0,000000 0,000000
192 1734111700 2560,800000 -1,000000 -101,000000 0,000000 0,000000
192 1734111701 2560,800000 -1,000000 -101,000000 0,000000 0,000000
192 1734111702 3611,200000 -1,000000 -101,000000 0,000000 0,000000
192 1734111703 3611,200000 -1,000000 -101,000000 0,000000 0,000000
192 1734111704 3611,200000 -1,000000 -101,000000 0,000000 0,000000
192 1734111705 3611,200000 -1,000000 -101,000000 0,000000 0,000000
192 1734111706 3611,200000 -1,000000 -101,000000 0,000000 0,000000
192 1734111707 21777,200000 -1,000000 -101,000000 0,000000 0,000000
192 1734111708 21777,200000 -1,000000 -101,000000 0,000000 0,000000
192 1734111709 21777,200000 -1,000000 -101,000000 0,000000 0,000000
192 1734111710 21777,200000 -1,000000 -101,000000 0,000000 0,000000
192 1734111711 21777,200000 -1,000000 -101,000000 0,000000 0,000000
192 1734111712 4391,000000 -1,000000 -101,000000 0,000000 0,000000
192 1734111713 4391,000000 -1,000000 -101,000000 0,000000 0,000000
192 1734111714 4391,000000 -1,000000 -101,000000 0,000000 0,000000
192 1734111715 4391,000000 -1,000000 -101,000000 0,000000 0,000000
192 1734111716 4391,000000 -1,000000 -101,000000 0,000000 0,000000
192 1734111717 18887,000000 -1,000000 -101,000000 0,000000 0,000000
192 1734111718 18887,000000 -1,000000 -101,000000 0,000000 0,000000
192 1734111719 18887,000000 -1,000000 -101,000000 0,000000 0,000000
192 1734111720 18887,000000 -1,000000 -101,000000 0,000000 0,000000
192 1734111721 18887,000000 -1,000000 -101,000000 0,000000 0,000000
192 1734111722 1275,400000 -1,000000 -101,000000 0,000000 0,000000
192 1734111723 1275,400000 -1,000000 -101,000000 0,000000 0,000000
192 1734111724 1275,400000 -1,000000 -101,000000 0,000000 0,000000
192 1734111725 1275,400000 -1,000000 -101,000000 0,000000 0,000000
192 1734111726 1275,400000 -1,000000 -101,000000 0,000000 0,000000
192 1734111732 9631,600000 -1,000000 -101,000000 0,000000 0,000000
192 1734111733 9631,600000 -1,000000 -101,000000 0,000000 0,000000
192 1734111734 9631,600000 -1,000000 -101,000000 0,000000 0,000000
192 1734111735 9631,600000 -1,000000 -101,000000 0,000000 0,000000
192 1734111736 9631,600000 -1,000000 -101,000000 0,000000 0,000000
192 1734111737 8195,600000 -1,000000 -101,000000 0,000000 0,000000
192 1734111738 8195,600000 -1,000000 -101,000000 0,000000 0,000000
192 1734111739 8195,600000 -1,000000 -101,000000 0,000000 0,000000
192 1734111740 8195,600000 -1,000000 -101,000000 0,000000 0,000000
192 1734111741 8195,600000 -1,000000 -101,000000 0,000000 0,000000
192 1734111742 17708,200000 -1,000000 -101,000000 0,000000 0,000000
192 1734111743 17708,200000 -1,000000 -101,000000 0,000000 0,000000
192 1734111744 17708,200000 -1,000000 -101,000000 0,000000 0,000000
192 1734111745 17708,200000 -1,000000 -101,000000 0,000000 0,000000
192 1734111746 17708,200000 -1,000000 -101,000000 0,000000 0,000000
192 1734111747 19450,200000 -1,000000 -101,000000 0,000000 0,000000
192 1734111748 19450,200000 -1,000000 -101,000000 0,000000 0,000000
192 1734111749 19450,200000 -1,000000 -101,000000 0,000000 0,000000
192 1734111750 19450,200000 -1,000000 -101,000000 0,000000 0,000000
192 1734111751 19450,200000 -1,000000 -101,000000 0,000000 0,000000
192 1734111752 39915,600000 -1,000000 -101,000000 0,000000 0,000000
192 1734111753 39915,600000 -1,000000 -101,000000 0,000000 0,000000
192 1734111754 39915,600000 -1,000000 -101,000000 0,000000 0,000000
192 1734111755 39915,600000 -1,000000 -101,000000 0,000000 0,000000
192 1734111756 39915,600000 -1,000000 -101,000000 0,000000 0,000000
192 1734111757 12913,400000 -1,000000 -101,000000 0,000000 0,000000
192 1734111758 12913,400000 -1,000000 -101,000000 0,000000 0,000000
192 1734111759 12913,400000 -1,000000 -101,000000 0,000000 0,000000
192 1734111760 12913,400000 -1,000000 -101,000000 0,000000 0,000000
192 1734111761 12913,400000 -1,000000 -101,000000 0,000000 0,000000
192 1734111762 6898,600000 -1,000000 -101,000000 0,000000 0,000000
192 1734111763 6898,600000 -1,000000 -101,000000 0,000000 0,000000
192 1734111764 6898,600000 -1,000000 -101,000000 0,000000 0,000000
192 1734111765 6898,600000 -1,000000 -101,000000 0,000000 0,000000
192 1734111766 6898,600000 -1,000000 -101,000000 0,000000 0,000000
192 1734111767 22564,800000 -1,000000 -101,000000 0,000000 0,000000
192 1734111768 22564,800000 -1,000000 -101,000000 0,000000 0,000000
192 1734111769 22564,800000 -1,000000 -101,000000 0,000000 0,000000
192 1734111770 22564,800000 -1,000000 -101,000000 0,000000 0,000000
192 1734111771 22564,800000 -1,000000 -101,000000 0,000000 0,000000
192 1734111772 4884,200000 -1,000000 -101,000000 0,000000 0,000000
192 1734111773 4884,200000 -1,000000 -101,000000 0,000000 0,000000
192 1734111774 4884,200000 -1,000000 -101,000000 0,000000 0,000000
192 1734111775 4884,200000 -1,000000 -101,000000 0,000000 0,000000
192 1734111776 4884,200000 -1,000000 -101,000000 0,000000 0,000000
192 1734111777 21790,400000 -1,000000 -101,000000 0,000000 0,000000
192 1734111778 21790,400000 -1,000000 -101,000000 0,000000 0,000000
192 1734111779 21790,400000 -1,000000 -101,000000 0,000000 0,000000
192 1734111780 21790,400000 -1,000000 -101,000000 0,000000 0,000000
192 1734111781 21790,400000 -1,000000 -101,000000 0,000000 0,000000
192 1734111782 17066,000000 -1,000000 -101,000000 0,000000 0,000000
192 1734111783 17066,000000 -1,000000 -101,000000 0,000000 0,000000
192 1734111784 17066,000000 -1,000000 -101,000000 0,000000 0,000000
192 1734111785 17066,000000 -1,000000 -101,000000 0,000000 0,000000
192 1734111786 17066,000000 -1,000000 -101,000000 0,000000 0,000000
192 1734111787 3166,800000 -1,000000 -101,000000 0,000000 0,000000
192 1734111788 3166,800000 -1,000000 -101,000000 0,000000 0,000000
192 1734111789 3166,800000 -1,000000 -101,000000 0,000000 0,000000
192 1734111790 3166,800000 -1,000000 -101,000000 0,000000 0,000000
192 1734111791 3166,800000 -1,000000 -101,000000 0,000000 0,000000
192 1734111792 12133,200000 -1,000000 -101,000000 0,000000 0,000000
192 1734111793 12133,200000 -1,000000 -101,000000 0,000000 0,000000
192 1734111794 12133,200000 -1,000000 -101,000000 0,000000 0,000000
192 1734111795 12133,200000 -1,000000 -101,000000 0,000000 0,000000
192 1734111796 12133,200000 -1,000000 -101,000000 0,000000 0,000000
192 1734111817 25352,400000 -1,000000 -101,000000 0,000000 0,000000
192 1734111818 25352,400000 -1,000000 -101,000000 0,000000 0,000000
192 1734111819 25352,400000 -1,000000 -101,000000 0,000000 0,000000
192 1734111820 25352,400000 -1,000000 -101,000000 0,000000 0,000000
192 1734111821 25352,400000 -1,000000 -101,000000 0,000000 0,000000
192 1734111822 29179,800000 -1,000000 -101,000000 0,000000 0,000000
192 1734111823 29179,800000 -1,000000 -101,000000 0,000000 0,000000
192 1734111824 29179,800000 -1,000000 -101,000000 0,000000 0,000000
192 1734111825 29179,800000 -1,000000 -101,000000 0,000000 0,000000
192 1734111826 29179,800000 -1,000000 -101,000000 0,000000 0,000000
192 1734111827 20444,600000 -1,000000 -101,000000 0,000000 0,000000
192 1734111828 20444,600000 -1,000000 -101,000000 0,000000 0,000000
192 1734111829 20444,600000 -1,000000 -101,000000 0,000000 0,000000
192 1734111830 20444,600000 -1,000000 -101,000000 0,000000 0,000000
192 1734111831 20444,600000 -1,000000 -101,000000 0,000000 0,000000
192 1734111832 36811,000000 -1,000000 -101,000000 0,000000 0,000000
192 1734111833 36811,000000 -1,000000 -101,000000 0,000000 0,000000
192 1734111834 36811,000000 -1,000000 -101,000000 0,000000 0,000000
192 1734111835 36811,000000 -1,000000 -101,000000 0,000000 0,000000
192 1734111836 36811,000000 -1,000000 -101,000000 0,000000 0,000000
192 1734111837 20763,600000 -1,000000 -101,000000 0,000000 0,000000
192 1734111838 20763,600000 -1,000000 -101,000000 0,000000 0,000000
192 1734111839 20763,600000 -1,000000 -101,000000 0,000000 0,000000
192 1734111840 20763,600000 -1,000000 -101,000000 0,000000 0,000000
192 1734111841 20763,600000 -1,000000 -101,000000 0,000000 0,000000
192 1734111842 7755,800000 -1,000000 -101,000000 0,000000 0,000000
192 1734111843 7755,800000 -1,000000 -101,000000 0,000000 0,000000
192 1734111844 7755,800000 -1,000000 -101,000000 0,000000 0,000000
192 1734111845 7755,800000 -1,000000 -101,000000 0,000000 0,000000
192 1734111846 7755,800000 -1,000000 -101,000000 0,000000 0,000000
192 1734111847 4872,200000 -1,000000 -101,000000 0,000000 0,000000
192 1734111848 4872,200000 -1,000000 -101,000000 0,000000 0,000000
192 1734111849 4872,200000 -1,000000 -101,000000 0,000000 0,000000
192 1734111850 4872,200000 -1,000000 -101,000000 0,000000 0,000000
192 1734111851 4872,200000 -1,000000 -101,000000 0,000000 0,000000
192 1734111852 12741,600000 -1,000000 -101,000000 0,000000 0,000000
192 1734111853 12741,600000 -1,000000 -101,000000 0,000000 0,000000
192 1734111854 12741,600000 -1,000000 -101,000000 0,000000 0,000000
192 1734111855 12741,600000 -1,000000 -101,000000 0,000000 0,000000
192 1734111856 12741,600000 -1,000000 -101,000000 0,000000 0,000000
192 1734111857 11595,200000 -1,000000 -101,000000 0,000000 0,000000
192 1734111858 11595,200000 -1,000000 -101,000000 0,000000 0,000000
192 1734111859 11595,200000 -1,000000 -101,000000 0,000000 0,000000
192 1734111860 11595,200000 -1,000000 -101,000000 0,000000 0,000000
192 1734111861 11595,200000 -1,000000 -101,000000 0,000000 0,000000
192 1734111862 14967,200000 -1,000000 -101,000000 0,000000 0,000000
192 1734111863 14967,200000 -1,000000 -101,000000 0,000000 0,000000
192 1734111864 14967,200000 -1,000000 -101,000000 0,000000 0,000000
192 1734111865 14967,200000 -1,000000 -101,000000 0,000000 0,000000
192 1734111866 14967,200000 -1,000000 -101,000000 0,000000 0,000000
192 1734111867 4396,000000 -1,000000 -101,000000 0,000000 0,000000
192 1734111868 4396,000000 -1,000000 -101,000000 0,000000 0,000000
192 1734111869 4396,000000 -1,000000 -101,000000 0,000000 0,000000
192 1734111870 4396,000000 -1,000000 -101,000000 0,000000 0,000000
192 1734111871 4396,000000 -1,000000 -101,000000 0,000000 0,000000
192 1734111872 9916,000000 -1,000000 -101,000000 0,000000 0,000000
192 1734111873 9916,000000 -1,000000 -101,000000 0,000000 0,000000
192 1734111874 9916,000000 -1,000000 -101,000000 0,000000 0,000000
192 1734111875 9916,000000 -1,000000 -101,000000 0,000000 0,000000
192 1734111876 9916,000000 -1,000000 -101,000000 0,000000 0,000000
192 1734111877 5363,000000 -1,000000 -101,000000 0,000000 0,000000
192 1734111878 5363,000000 -1,000000 -101,000000 0,000000 0,000000
192 1734111879 5363,000000 -1,000000 -101,000000 0,000000 0,000000
192 1734111880 5363,000000 -1,000000 -101,000000 0,000000 0,000000
192 1734111881 5363,000000 -1,000000 -101,000000 0,000000 0,000000
192 1734111887 17705,200000 -1,000000 -101,000000 0,000000 0,000000
192 1734111888 17705,200000 -1,000000 -101,000000 0,000000 0,000000
192 1734111889 17705,200000 -1,000000 -101,000000 0,000000 0,000000
192 1734111890 17705,200000 -1,000000 -101,000000 0,000000 0,000000
192 1734111891 17705,200000 -1,000000 -101,000000 0,000000 0,000000
192 1734111892 1275,600000 -1,000000 -101,000000 0,000000 0,000000
192 1734111893 1275,600000 -1,000000 -101,000000 0,000000 0,000000
192 1734111894 1275,600000 -1,000000 -101,000000 0,000000 0,000000
192 1734111895 1275,600000 -1,000000 -101,000000 0,000000 0,000000
192 1734111896 1275,600000 -1,000000 -101,000000 0,000000 0,000000
192 1734111897 15425,000000 -1,000000 -101,000000 0,000000 0,000000
192 1734111898 15425,000000 -1,000000 -101,000000 0,000000 0,000000
192 1734111899 15425,000000 -1,000000 -101,000000 0,000000 0,000000
192 1734111900 15425,000000 -1,000000 -101,000000 0,000000 0,000000
192 1734111901 15425,000000 -1,000000 -101,000000 0,000000 0,000000
192 1734111902 10362,600000 -1,000000 -101,000000 0,000000 0,000000
192 1734111903 10362,600000 -1,000000 -101,000000 0,000000 0,000000
192 1734111904 10362,600000 -1,000000 -101,000000 0,000000 0,000000
192 1734111905 10362,600000 -1,000000 -101,000000 0,000000 0,000000
192 1734111906 10362,600000 -1,000000 -101,000000 0,000000 0,000000
192 1734111907 6538,000000 -1,000000 -101,000000 0,000000 0,000000
192 1734111908 6538,000000 -1,000000 -101,000000 0,000000 0,000000
192 1734111909 6538,000000 -1,000000 -101,000000 0,000000 0,000000
192 1734111910 6538,000000 -1,000000 -101,000000 0,000000 0,000000
192 1734111911 6538,000000 -1,000000 -101,000000 0,000000 0,000000
192 1734111912 40866,000000 -1,000000 -101,000000 0,000000 0,000000
192 1734111913 40866,000000 -1,000000 -101,000000 0,000000 0,000000
192 1734111914 40866,000000 -1,000000 -101,000000 0,000000 0,000000
192 1734111915 40866,000000 -1,000000 -101,000000 0,000000 0,000000
192 1734111916 40866,000000 -1,000000 -101,000000 0,000000 0,000000
192 1734111917 13658,400000 -1,000000 -101,000000 0,000000 0,000000
192 1734111918 13658,400000 -1,000000 -101,000000 0,000000 0,000000
192 1734111919 13658,400000 -1,000000 -101,000000 0,000000 0,000000
192 1734111920 13658,400000 -1,000000 -101,000000 0,000000 0,000000
192 1734111921 13658,400000 -1,000000 -101,000000 0,000000 0,000000
192 1734111922 21058,200000 -1,000000 -101,000000 0,000000 0,000000
192 1734111923 21058,200000 -1,000000 -101,000000 0,000000 0,000000
192 1734111924 21058,200000 -1,000000 -101,000000 0,000000 0,000000
192 1734111925 21058,200000 -1,000000 -101,000000 0,000000 0,000000
192 1734111926 21058,200000 -1,000000 -101,000000 0,000000 0,000000
192 1734111927 16918,200000 -1,000000 -101,000000 0,000000 0,000000
192 1734111928 16918,200000 -1,000000 -101,000000 0,000000 0,000000
192 1734111929 16918,200000 -1,000000 -101,000000 0,000000 0,000000
192 1734111930 16918,200000 -1,000000 -101,000000 0,000000 0,000000
192 1734111931 16918,200000 -1,000000 -101,000000 0,000000 0,000000
192 1734111932 11973,000000 -1,000000 -101,000000 0,000000 0,000000
192 1734111933 11973,000000 -1,000000 -101,000000 0,000000 0,000000
192 1734111934 11973,000000 -1,000000 -101,000000 0,000000 0,000000
192 1734111935 11973,000000 -1,000000 -101,000000 0,000000 0,000000
192 1734111936 11973,000000 -1,000000 -101,000000 0,000000 0,000000
192 1734111937 1178,800000 -1,000000 -101,000000 0,000000 0,000000
192 1734111938 1178,800000 -1,000000 -101,000000 0,000000 0,000000
192 1734111939 1178,800000 -1,000000 -101,000000 0,000000 0,000000
192 1734111940 1178,800000 -1,000000 -101,000000 0,000000 0,000000
192 1734111941 1178,800000 -1,000000 -101,000000 0,000000 0,000000
192 1734111947 3115,000000 -1,000000 -101,000000 0,000000 0,000000
192 1734111948 3115,000000 -1,000000 -101,000000 0,000000 0,000000
192 1734111949 3115,000000 -1,000000 -101,000000 0,000000 0,000000
192 1734111950 3115,000000 -1,000000 -101,000000 0,000000 0,000000
192 1734111951 3115,000000 -1,000000 -101,000000 0,000000 0,000000
192 1734111952 3117,000000 -1,000000 -101,000000 0,000000 0,000000
192 1734111953 3117,000000 -1,000000 -101,000000 0,000000 0,000000
192 1734111954 3117,000000 -1,000000 -101,000000 0,000000 0,000000
192 1734111955 3117,000000 -1,000000 -101,000000 0,000000 0,000000
192 1734111956 3117,000000 -1,000000 -101,000000 0,000000 0,000000
192 1734111957 16902,200000 -1,000000 -101,000000 0,000000 0,000000
192 1734111958 16902,200000 -1,000000 -101,000000 0,000000 0,000000
192 1734111959 16902,200000 -1,000000 -101,000000 0,000000 0,000000
192 1734111960 16902,200000 -1,000000 -101,000000 0,000000 0,000000
192 1734111961 16902,200000 -1,000000 -101,000000 0,000000 0,000000
192 1734111962 11003,600000 -1,000000 -101,000000 0,000000 0,000000
192 1734111963 11003,600000 -1,000000 -101,000000 0,000000 0,000000
192 1734111964 11003,600000 -1,000000 -101,000000 0,000000 0,000000
192 1734111965 11003,600000 -1,000000 -101,000000 0,000000 0,000000
192 1734111966 11003,600000 -1,000000 -101,000000 0,000000 0,000000
192 1734111967 1275,400000 -1,000000 -101,000000 0,000000 0,000000
192 1734111968 1275,400000 -1,000000 -101,000000 0,000000 0,000000
192 1734111969 1275,400000 -1,000000 -101,000000 0,000000 0,000000
192 1734111970 1275,400000 -1,000000 -101,000000 0,000000 0,000000
192 1734111971 1275,400000 -1,000000 -101,000000 0,000000 0,000000
192 1734111972 21105,600000 -1,000000 -101,000000 0,000000 0,000000
192 1734111973 21105,600000 -1,000000 -101,000000 0,000000 0,000000
192 1734111974 21105,600000 -1,000000 -101,000000 0,000000 0,000000
192 1734111975 21105,600000 -1,000000 -101,000000 0,000000 0,000000
192 1734111976 21105,600000 -1,000000 -101,000000 0,000000 0,000000
192 1734111977 21163,200000 -1,000000 -101,000000 0,000000 0,000000
192 1734111978 21163,200000 -1,000000 -101,000000 0,000000 0,000000
192 1734111979 21163,200000 -1,000000 -101,000000 0,000000 0,000000
192 1734111980 21163,200000 -1,000000 -101,000000 0,000000 0,000000
192 1734111981 21163,200000 -1,000000 -101,000000 0,000000 0,000000
192 1734111982 8618,000000 -1,000000 -101,000000 0,000000 0,000000
192 1734111983 8618,000000 -1,000000 -101,000000 0,000000 0,000000
192 1734111984 8618,000000 -1,000000 -101,000000 0,000000 0,000000
192 1734111985 8618,000000 -1,000000 -101,000000 0,000000 0,000000
192 1734111986 8618,000000 -1,000000 -101,000000 0,000000 0,000000
192 1734111987 8323,000000 -1,000000 -101,000000 0,000000 0,000000
192 1734111988 8323,000000 -1,000000 -101,000000 0,000000 0,000000
192 1734111989 8323,000000 -1,000000 -101,000000 0,000000 0,000000
192 1734111990 8323,000000 -1,000000 -101,000000 0,000000 0,000000
192 1734111991 8323,000000 -1,000000 -101,000000 0,000000 0,000000
192 1734111992 27539,200000 -1,000000 -101,000000 0,000000 0,000000
192 1734111993 27539,200000 -1,000000 -101,000000 0,000000 0,000000
192 1734111994 27539,200000 -1,000000 -101,000000 0,000000 0,000000
192 1734111995 27539,200000 -1,000000 -101,000000 0,000000 0,000000
192 1734111996 27539,200000 -1,000000 -101,000000 0,000000 0,000000
192 1734111997 19976,200000 -1,000000 -101,000000 0,000000 0,000000
192 1734111998 19976,200000 -1,000000 -101,000000 0,000000 0,000000
192 1734111999 19976,200000 -1,000000 -101,000000 0,000000 0,000000
192 1734112000 19976,200000 -1,000000 -101,000000 0,000000 0,000000
192 1734112001 19976,200000 -1,000000 -101,000000 0,000000 0,000000
192 1734112002 13502,200000 -1,000000 -101,000000 0,000000 0,000000
192 1734112003 13502,200000 -1,000000 -101,000000 0,000000 0,000000
192 1734112004 13502,200000 -1,000000 -101,000000 0,000000 0,000000
192 1734112005 13502,200000 -1,000000 -101,000000 0,000000 0,000000
192 1734112006 13502,200000 -1,000000 -101,000000 0,000000 0,000000
192 1734112007 22273,600000 -1,000000 -101,000000 0,000000 0,000000
192 1734112008 22273,600000 -1,000000 -101,000000 0,000000 0,000000
192 1734112009 22273,600000 -1,000000 -101,000000 0,000000 0,000000
192 1734112010 22273,600000 -1,000000 -101,000000 0,000000 0,000000
192 1734112011 22273,600000 -1,000000 -101,000000 0,000000 0,000000
192 1734112012 3502,800000 -1,000000 -101,000000 0,000000 0,000000
192 1734112013 3502,800000 -1,000000 -101,000000 0,000000 0,000000
192 1734112014 3502,800000 -1,000000 -101,000000 0,000000 0,000000
192 1734112015 3502,800000 -1,000000 -101,000000 0,000000 0,000000
192 1734112016 3502,800000 -1,000000 -101,000000 0,000000 0,000000
192 1734112017 6232,600000 -1,000000 -101,000000 0,000000 0,000000
192 1734112018 6232,600000 -1,000000 -101,000000 0,000000 0,000000
192 1734112019 6232,600000 -1,000000 -101,000000 0,000000 0,000000
192 1734112020 6232,600000 -1,000000 -101,000000 0,000000 0,000000
192 1734112021 6232,600000 -1,000000 -101,000000 0,000000 0,000000
192 1734112022 3615,600000 -1,000000 -101,000000 0,000000 0,000000
192 1734112023 3615,600000 -1,000000 -101,000000 0,000000 0,000000
192 1734112024 3615,600000 -1,000000 -101,000000 0,000000 0,000000
192 1734112025 3615,600000 -1,000000 -101,000000 0,000000 0,000000
192 1734112026 3615,600000 -1,000000 -101,000000 0,000000 0,000000
192 1734112027 2357,200000 -1,000000 -101,000000 0,000000 0,000000
192 1734112028 2357,200000 -1,000000 -101,000000 0,000000 0,000000
192 1734112029 2357,200000 -1,000000 -101,000000 0,000000 0,000000
192 1734112030 2357,200000 -1,000000 -101,000000 0,000000 0,000000
192 1734112031 2357,200000 -1,000000 -101,000000 0,000000 0,000000
192 1734112032 13131,800000 -1,000000 -101,000000 0,000000 0,000000
192 1734112033 13131,800000 -1,000000 -101,000000 0,000000 0,000000
192 1734112034 13131,800000 -1,000000 -101,000000 0,000000 0,000000
192 1734112035 13131,800000 -1,000000 -101,000000 0,000000 0,000000
192 1734112036 13131,800000 -1,000000 -101,000000 0,000000 0,000000
192 1734112037 9727,600000 -1,000000 -101,000000 0,000000 0,000000
192 1734112038 9727,600000 -1,000000 -101,000000 0,000000 0,000000
192 1734112039 9727,600000 -1,000000 -101,000000 0,000000 0,000000
192 1734112040 9727,600000 -1,000000 -101,000000 0,000000 0,000000
192 1734112041 9727,600000 -1,000000 -101,000000 0,000000 0,000000
192 1734112042 12653,000000 -1,000000 -101,000000 0,000000 0,000000
192 1734112043 12653,000000 -1,000000 -101,000000 0,000000 0,000000
192 1734112044 12653,000000 -1,000000 -101,000000 0,000000 0,000000
192 1734112045 12653,000000 -1,000000 -101,000000 0,000000 0,000000
192 1734112046 12653,000000 -1,000000 -101,000000 0,000000 0,000000
192 1734112047 1912,600000 -1,000000 -101,000000 0,000000 0,000000
192 1734112048 1912,600000 -1,000000 -101,000000 0,000000 0,000000
192 1734112049 1912,600000 -1,000000 -101,000000 0,000000 0,000000
192 1734112050 1912,600000 -1,000000 -101,000000 0,000000 0,000000
192 1734112051 1912,600000 -1,000000 -101,000000 0,000000 0,000000
192 1734112052 17425,000000 -1,000000 -101,000000 0,000000 0,000000
192 1734112053 17425,000000 -1,000000 -101,000000 0,000000 0,000000
192 1734112054 17425,000000 -1,000000 -101,000000 0,000000 0,000000
192 1734112055 17425,000000 -1,000000 -101,000000 0,000000 0,000000
192 1734112056 17425,000000 -1,000000 -101,000000 0,000000 0,000000
192 1734112057 19789,400000 -1,000000 -101,000000 0,000000 0,000000
192 1734112058 19789,400000 -1,000000 -101,000000 0,000000 0,000000
192 1734112059 19789,400000 -1,000000 -101,000000 0,000000 0,000000
192 1734112060 19789,400000 -1,000000 -101,000000 0,000000 0,000000
192 1734112061 19789,400000 -1,000000 -101,000000 0,000000 0,000000
192 1734112062 2655,400000 -1,000000 -101,000000 0,000000 0,000000
192 1734112063 2655,400000 -1,000000 -101,000000 0,000000 0,000000
192 1734112064 2655,400000 -1,000000 -101,000000 0,000000 0,000000
192 1734112065 2655,400000 -1,000000 -101,000000 0,000000 0,000000
192 1734112066 2655,400000 -1,000000 -101,000000 0,000000 0,000000
192 1734112067 14014,800000 -1,000000 -101,000000 0,000000 0,000000
192 1734112068 14014,800000 -1,000000 -101,000000 0,000000 0,000000
192 1734112069 14014,800000 -1,000000 -101,000000 0,000000 0,000000
192 1734112070 14014,800000 -1,000000 -101,000000 0,000000 0,000000
192 1734112071 14014,800000 -1,000000 -101,000000 0,000000 0,000000
192 1734112072 34997,600000 -1,000000 -101,000000 0,000000 0,000000
192 1734112073 34997,600000 -1,000000 -101,000000 0,000000 0,000000
192 1734112074 34997,600000 -1,000000 -101,000000 0,000000 0,000000
192 1734112075 34997,600000 -1,000000 -101,000000 0,000000 0,000000
192 1734112076 34997,600000 -1,000000 -101,000000 0,000000 0,000000
192 1734112077 22101,400000 -1,000000 -101,000000 0,000000 0,000000
192 1734112078 22101,400000 -1,000000 -101,000000 0,000000 0,000000
192 1734112079 22101,400000 -1,000000 -101,000000 0,000000 0,000000
192 1734112080 22101,400000 -1,000000 -101,000000 0,000000 0,000000
192 1734112081 22101,400000 -1,000000 -101,000000 0,000000 0,000000
192 1734112082 10270,800000 -1,000000 -101,000000 0,000000 0,000000
192 1734112083 10270,800000 -1,000000 -101,000000 0,000000 0,000000
192 1734112084 10270,800000 -1,000000 -101,000000 0,000000 0,000000
192 1734112085 10270,800000 -1,000000 -101,000000 0,000000 0,000000
192 1734112086 10270,800000 -1,000000 -101,000000 0,000000 0,000000
192 1734112087 4868,600000 -1,000000 -101,000000 0,000000 0,000000
192 1734112088 4868,600000 -1,000000 -101,000000 0,000000 0,000000
192 1734112089 4868,600000 -1,000000 -101,000000 0,000000 0,000000
192 1734112090 4868,600000 -1,000000 -101,000000 0,000000 0,000000
192 1734112091 4868,600000 -1,000000 -101,000000 0,000000 0,000000
192 1734112092 2226,000000 -1,000000 -101,000000 0,000000 0,000000
192 1734112093 2226,000000 -1,000000 -101,000000 0,000000 0,000000
192 1734112094 2226,000000 -1,000000 -101,000000 0,000000 0,000000
192 1734112095 2226,000000 -1,000000 -101,000000 0,000000 0,000000
192 1734112096 2226,000000 -1,000000 -101,000000 0,000000 0,000000
192 1734112097 1179,800000 -1,000000 -101,000000 0,000000 0,000000
192 1734112098 1179,800000 -1,000000 -101,000000 0,000000 0,000000
192 1734112099 1179,800000 -1,000000 -101,000000 0,000000 0,000000
192 1734112100 1179,800000 -1,000000 -101,000000 0,000000 0,000000
192 1734112101 1179,800000 -1,000000 -101,000000 0,000000 0,000000
192 1734112102 16901,200000 -1,000000 -101,000000 0,000000 0,000000
192 1734112103 16901,200000 -1,000000 -101,000000 0,000000 0,000000
192 1734112104 16901,200000 -1,000000 -101,000000 0,000000 0,000000
192 1734112105 16901,200000 -1,000000 -101,000000 0,000000 0,000000
192 1734112106 16901,200000 -1,000000 -101,000000 0,000000 0,000000
192 1734112107 14118,800000 -1,000000 -101,000000 0,000000 0,000000
192 1734112108 14118,800000 -1,000000 -101,000000 0,000000 0,000000
192 1734112109 14118,800000 -1,000000 -101,000000 0,000000 0,000000
192 1734112110 14118,800000 -1,000000 -101,000000 0,000000 0,000000
192 1734112111 14118,800000 -1,000000 -101,000000 0,000000 0,000000
192 1734112112 18651,200000 -1,000000 -101,000000 0,000000 0,000000
192 1734112113 18651,200000 -1,000000 -101,000000 0,000000 0,000000
192 1734112114 18651,200000 -1,000000 -101,000000 0,000000 0,000000
192 1734112115 18651,200000 -1,000000 -101,000000 0,000000 0,000000
192 1734112116 18651,200000 -1,000000 -101,000000 0,000000 0,000000
192 1734112122 5532,600000 -1,000000 -101,000000 0,000000 0,000000
192 1734112123 5532,600000 -1,000000 -101,000000 0,000000 0,000000
192 1734112124 5532,600000 -1,000000 -101,000000 0,000000 0,000000
192 1734112125 5532,600000 -1,000000 -101,000000 0,000000 0,000000
192 1734112126 5532,600000 -1,000000 -101,000000 0,000000 0,000000
192 1734112127 26679,400000 -1,000000 -101,000000 0,000000 0,000000
192 1734112128 26679,400000 -1,000000 -101,000000 0,000000 0,000000
192 1734112129 26679,400000 -1,000000 -101,000000 0,000000 0,000000
192 1734112130 26679,400000 -1,000000 -101,000000 0,000000 0,000000
192 1734112131 26679,400000 -1,000000 -101,000000 0,000000 0,000000
192 1734112132 12602,600000 -1,000000 -101,000000 0,000000 0,000000
192 1734112133 12602,600000 -1,000000 -101,000000 0,000000 0,000000
192 1734112134 12602,600000 -1,000000 -101,000000 0,000000 0,000000
192 1734112135 12602,600000 -1,000000 -101,000000 0,000000 0,000000
192 1734112136 12602,600000 -1,000000 -101,000000 0,000000 0,000000
192 1734112137 11743,000000 -1,000000 -101,000000 0,000000 0,000000
192 1734112138 11743,000000 -1,000000 -101,000000 0,000000 0,000000
192 1734112139 11743,000000 -1,000000 -101,000000 0,000000 0,000000
192 1734112140 11743,000000 -1,000000 -101,000000 0,000000 0,000000
192 1734112141 11743,000000 -1,000000 -101,000000 0,000000 0,000000
192 1734112142 2599,200000 -1,000000 -101,000000 0,000000 0,000000
192 1734112143 2599,200000 -1,000000 -101,000000 0,000000 0,000000
192 1734112144 2599,200000 -1,000000 -101,000000 0,000000 0,000000
192 1734112145 2599,200000 -1,000000 -101,000000 0,000000 0,000000
192 1734112146 2599,200000 -1,000000 -101,000000 0,000000 0,000000
192 1734112147 4751,200000 -1,000000 -101,000000 0,000000 0,000000
192 1734112148 4751,200000 -1,000000 -101,000000 0,000000 0,000000
192 1734112149 4751,200000 -1,000000 -101,000000 0,000000 0,000000
192 1734112150 4751,200000 -1,000000 -101,000000 0,000000 0,000000
192 1734112151 4751,200000 -1,000000 -101,000000 0,000000 0,000000
192 1734112152 42711,600000 -1,000000 -101,000000 0,000000 0,000000
192 1734112153 42711,600000 -1,000000 -101,000000 0,000000 0,000000
192 1734112154 42711,600000 -1,000000 -101,000000 0,000000 0,000000
192 1734112155 42711,600000 -1,000000 -101,000000 0,000000 0,000000
192 1734112156 42711,600000 -1,000000 -101,000000 0,000000 0,000000
192 1734112157 15368,600000 -1,000000 -101,000000 0,000000 0,000000
192 1734112158 15368,600000 -1,000000 -101,000000 0,000000 0,000000
192 1734112159 15368,600000 -1,000000 -101,000000 0,000000 0,000000
192 1734112160 15368,600000 -1,000000 -101,000000 0,000000 0,000000
192 1734112161 15368,600000 -1,000000 -101,000000 0,000000 0,000000
192 1734112162 17754,000000 -1,000000 -101,000000 0,000000 0,000000
192 1734112163 17754,000000 -1,000000 -101,000000 0,000000 0,000000
192 1734112164 17754,000000 -1,000000 -101,000000 0,000000 0,000000
192 1734112165 17754,000000 -1,000000 -101,000000 0,000000 0,000000
192 1734112166 17754,000000 -1,000000 -101,000000 0,000000 0,000000
192 1734112167 14811,000000 -1,000000 -101,000000 0,000000 0,000000
192 1734112168 14811,000000 -1,000000 -101,000000 0,000000 0,000000
192 1734112169 14811,000000 -1,000000 -101,000000 0,000000 0,000000
192 1734112170 14811,000000 -1,000000 -101,000000 0,000000 0,000000
192 1734112171 14811,000000 -1,000000 -101,000000 0,000000 0,000000
192 1734112172 3026,600000 -1,000000 -101,000000 0,000000 0,000000
192 1734112173 3026,600000 -1,000000 -101,000000 0,000000 0,000000
192 1734112174 3026,600000 -1,000000 -101,000000 0,000000 0,000000
192 1734112175 3026,600000 -1,000000 -101,000000 0,000000 0,000000
192 1734112176 3026,600000 -1,000000 -101,000000 0,000000 0,000000
192 1734112177 9633,600000 -1,000000 -101,000000 0,000000 0,000000
192 1734112178 9633,600000 -1,000000 -101,000000 0,000000 0,000000
192 1734112179 9633,600000 -1,000000 -101,000000 0,000000 0,000000
192 1734112180 9633,600000 -1,000000 -101,000000 0,000000 0,000000
192 1734112181 9633,600000 -1,000000 -101,000000 0,000000 0,000000
192 1734112182 9725,400000 -1,000000 -101,000000 0,000000 0,000000
192 1734112183 9725,400000 -1,000000 -101,000000 0,000000 0,000000
192 1734112184 9725,400000 -1,000000 -101,000000 0,000000 0,000000
192 1734112185 9725,400000 -1,000000 -101,000000 0,000000 0,000000
192 1734112186 9725,400000 -1,000000 -101,000000 0,000000 0,000000
192 1734112187 11847,800000 -1,000000 -101,000000 0,000000 0,000000
192 1734112188 11847,800000 -1,000000 -101,000000 0,000000 0,000000
192 1734112189 11847,800000 -1,000000 -101,000000 0,000000 0,000000
192 1734112190 11847,800000 -1,000000 -101,000000 0,000000 0,000000
192 1734112191 11847,800000 -1,000000 -101,000000 0,000000 0,000000
192 1734112192 5027,200000 -1,000000 -101,000000 0,000000 0,000000
192 1734112193 5027,200000 -1,000000 -101,000000 0,000000 0,000000
192 1734112194 5027,200000 -1,000000 -101,000000 0,000000 0,000000
192 1734112195 5027,200000 -1,000000 -101,000000 0,000000 0,000000
192 1734112196 5027,200000 -1,000000 -101,000000 0,000000 0,000000
192 1734112197 8974,000000 -1,000000 -101,000000 0,000000 0,000000
192 1734112198 8974,000000 -1,000000 -101,000000 0,000000 0,000000
192 1734112199 8974,000000 -1,000000 -101,000000 0,000000 0,000000
192 1734112261 16733,000000 -1,000000 16733,000000 16733,000000 0,000000
192 1734112260 16733,000000 -1,000000 16733,000000 16733,000000 0,000000
192 1734112259 16733,000000 -1,000000 16733,000000 16733,000000 0,000000
192 1734112258 16733,000000 -1,000000 16733,000000 16733,000000 0,000000
192 1734112257 16733,000000 -1,000000 16733,000000 16733,000000 0,000000
192 1734112256 13230,000000 -1,000000 13230,000000 13230,000000 0,000000
192 1734112255 13230,000000 -1,000000 13230,000000 13230,000000 0,000000
192 1734112254 13230,000000 -1,000000 13230,000000 13230,000000 0,000000
192 1734112253 13230,000000 -1,000000 13230,000000 13230,000000 0,000000
192 1734112252 13230,000000 -1,000000 13230,000000 13230,000000 0,000000
192 1734112251 21770,200000 -1,000000 21770,200000 21770,200000 0,000000
192 1734112250 21770,200000 -1,000000 21770,200000 21770,200000 0,000000
192 1734112249 21770,200000 -1,000000 21770,200000 21770,200000 0,000000
192 1734112248 21770,200000 -1,000000 21770,200000 21770,200000 0,000000
192 1734112247 21770,200000 -1,000000 21770,200000 21770,200000 0,000000
192 1734112246 6376,000000 -1,000000 6376,000000 6376,000000 0,000000
192 1734112245 6376,000000 -1,000000 6376,000000 6376,000000 0,000000
192 1734112244 6376,000000 -1,000000 6376,000000 6376,000000 0,000000
192 1734112243 6376,000000 -1,000000 6376,000000 6376,000000 0,000000
192 1734112242 6376,000000 -1,000000 6376,000000 6376,000000 0,000000
192 1734112241 12545,800000 -1,000000 12545,800000 12545,800000 0,000000
192 1734112240 12545,800000 -1,000000 12545,800000 12545,800000 0,000000
192 1734112239 12545,800000 -1,000000 12545,800000 12545,800000 0,000000
192 1734112238 12545,800000 -1,000000 12545,800000 12545,800000 0,000000
192 1734112237 12545,800000 -1,000000 12545,800000 12545,800000 0,000000
192 1734112236 26899,800000 -1,000000 26899,800000 26899,800000 0,000000
192 1734112235 26899,800000 -1,000000 26899,800000 26899,800000 0,000000
192 1734112234 26899,800000 -1,000000 26899,800000 26899,800000 0,000000
192 1734112233 26899,800000 -1,000000 26899,800000 26899,800000 0,000000
192 1734112232 26899,800000 -1,000000 26899,800000 26899,800000 0,000000
192 1734112231 805,800000 -1,000000 805,800000 805,800000 0,000000
192 1734112230 805,800000 -1,000000 805,800000 805,800000 0,000000
192 1734112229 805,800000 -1,000000 805,800000 805,800000 0,000000
192 1734112228 805,800000 -1,000000 805,800000 805,800000 0,000000
192 1734112227 805,800000 -1,000000 805,800000 805,800000 0,000000
192 1734112226 11269,200000 -1,000000 11269,200000 11269,200000 0,000000
192 1734112225 11269,200000 -1,000000 11269,200000 11269,200000 0,000000
192 1734112224 11269,200000 -1,000000 11269,200000 11269,200000 0,000000
192 1734112223 11269,200000 -1,000000 11269,200000 11269,200000 0,000000
192 1734112222 11269,200000 -1,000000 11269,200000 11269,200000 0,000000
192 1734112221 10653,600000 -1,000000 10653,600000 10653,600000 0,000000
192 1734112220 10653,600000 -1,000000 10653,600000 10653,600000 0,000000
192 1734112219 10653,600000 -1,000000 10653,600000 10653,600000 0,000000
192 1734112218 10653,600000 -1,000000 10653,600000 10653,600000 0,000000
192 1734112217 10653,600000 -1,000000 10653,600000 10653,600000 0,000000
192 1734112216 23131,600000 -1,000000 23131,600000 23131,600000 0,000000
192 1734112215 23131,600000 -1,000000 23131,600000 23131,600000 0,000000
192 1734112214 23131,600000 -1,000000 23131,600000 23131,600000 0,000000
192 1734112213 23131,600000 -1,000000 23131,600000 23131,600000 0,000000
192 1734112212 23131,600000 -1,000000 23131,600000 23131,600000 0,000000
192 1734112211 4283,600000 -1,000000 4283,600000 4283,600000 0,000000
192 1734112210 4283,600000 -1,000000 4283,600000 4283,600000 0,000000
192 1734112209 4283,600000 -1,000000 4283,600000 4283,600000 0,000000
192 1734112208 4283,600000 -1,000000 4283,600000 4283,600000 0,000000
192 1734112207 4283,600000 -1,000000 4283,600000 4283,600000 0,000000
192 1734112206 21561,200000 -1,000000 21561,200000 21561,200000 0,000000
192 1734112205 21561,200000 -1,000000 21561,200000 21561,200000 0,000000
192 1734112204 21561,200000 -1,000000 21561,200000 21561,200000 0,000000
192 1734112203 21561,200000 -1,000000 21561,200000 21561,200000 0,000000
192 1734112202 21561,200000 -1,000000 21561,200000 21561,200000 0,000000
192 1734112201 8974,000000 -1,000000 8974,000000 8974,000000 0,000000
192 1734112200 8974,000000 -1,000000 8974,000000 8974,000000 0,000000
192 1734112200 8974,000000 -1,000000 -101,000000 0,000000 0,000000
192 1734112201 8974,000000 -1,000000 -101,000000 0,000000 0,000000
192 1734112202 21561,200000 -1,000000 -101,000000 0,000000 0,000000
192 1734112203 21561,200000 -1,000000 -101,000000 0,000000 0,000000
192 1734112204 21561,200000 -1,000000 -101,000000 0,000000 0,000000
192 1734112205 21561,200000 -1,000000 -101,000000 0,000000 0,000000
192 1734112206 21561,200000 -1,000000 -101,000000 0,000000 0,000000
192 1734112207 4283,600000 -1,000000 -101,000000 0,000000 0,000000
192 1734112208 4283,600000 -1,000000 -101,000000 0,000000 0,000000
192 1734112209 4283,600000 -1,000000 -101,000000 0,000000 0,000000
192 1734112210 4283,600000 -1,000000 -101,000000 0,000000 0,000000
192 1734112211 4283,600000 -1,000000 -101,000000 0,000000 0,000000
192 1734112212 23131,600000 -1,000000 -101,000000 0,000000 0,000000
192 1734112213 23131,600000 -1,000000 -101,000000 0,000000 0,000000
192 1734112214 23131,600000 -1,000000 -101,000000 0,000000 0,000000
192 1734112215 23131,600000 -1,000000 -101,000000 0,000000 0,000000
192 1734112216 23131,600000 -1,000000 -101,000000 0,000000 0,000000
192 1734112217 10653,600000 -1,000000 -101,000000 0,000000 0,000000
192 1734112218 10653,600000 -1,000000 -101,000000 0,000000 0,000000
192 1734112219 10653,600000 -1,000000 -101,000000 0,000000 0,000000
192 1734112220 10653,600000 -1,000000 -101,000000 0,000000 0,000000
192 1734112221 10653,600000 -1,000000 -101,000000 0,000000 0,000000
192 1734112222 11269,200000 -1,000000 -101,000000 0,000000 0,000000
192 1734112223 11269,200000 -1,000000 -101,000000 0,000000 0,000000
192 1734112224 11269,200000 -1,000000 -101,000000 0,000000 0,000000
192 1734112225 11269,200000 -1,000000 -101,000000 0,000000 0,000000
192 1734112226 11269,200000 -1,000000 -101,000000 0,000000 0,000000
192 1734112227 805,800000 -1,000000 -101,000000 0,000000 0,000000
192 1734112228 805,800000 -1,000000 -101,000000 0,000000 0,000000
192 1734112229 805,800000 -1,000000 -101,000000 0,000000 0,000000
192 1734112230 805,800000 -1,000000 -101,000000 0,000000 0,000000
192 1734112231 805,800000 -1,000000 -101,000000 0,000000 0,000000
192 1734112232 26899,800000 -1,000000 -101,000000 0,000000 0,000000
192 1734112233 26899,800000 -1,000000 -101,000000 0,000000 0,000000
192 1734112234 26899,800000 -1,000000 -101,000000 0,000000 0,000000
192 1734112235 26899,800000 -1,000000 -101,000000 0,000000 0,000000
192 1734112236 26899,800000 -1,000000 -101,000000 0,000000 0,000000
192 1734112237 12545,800000 -1,000000 -101,000000 0,000000 0,000000
192 1734112238 12545,800000 -1,000000 -101,000000 0,000000 0,000000
192 1734112239 12545,800000 -1,000000 -101,000000 0,000000 0,000000
192 1734112240 12545,800000 -1,000000 -101,000000 0,000000 0,000000
192 1734112241 12545,800000 -1,000000 -101,000000 0,000000 0,000000
192 1734112242 6376,000000 -1,000000 -101,000000 0,000000 0,000000
192 1734112243 6376,000000 -1,000000 -101,000000 0,000000 0,000000
192 1734112244 6376,000000 -1,000000 -101,000000 0,000000 0,000000
192 1734112245 6376,000000 -1,000000 -101,000000 0,000000 0,000000
192 1734112246 6376,000000 -1,000000 -101,000000 0,000000 0,000000
192 1734112247 21770,200000 -1,000000 -101,000000 0,000000 0,000000
192 1734112248 21770,200000 -1,000000 -101,000000 0,000000 0,000000
192 1734112249 21770,200000 -1,000000 -101,000000 0,000000 0,000000
192 1734112250 21770,200000 -1,000000 -101,000000 0,000000 0,000000
192 1734112251 21770,200000 -1,000000 -101,000000 0,000000 0,000000
192 1734112252 13230,000000 -1,000000 -101,000000 0,000000 0,000000
192 1734112253 13230,000000 -1,000000 -101,000000 0,000000 0,000000
192 1734112254 13230,000000 -1,000000 -101,000000 0,000000 0,000000
192 1734112255 13230,000000 -1,000000 -101,000000 0,000000 0,000000
192 1734112256 13230,000000 -1,000000 -101,000000 0,000000 0,000000
192 1734112257 16733,000000 -1,000000 -101,000000 0,000000 0,000000
192 1734112258 16733,000000 -1,000000 -101,000000 0,000000 0,000000
192 1734112259 16733,000000 -1,000000 -101,000000 0,000000 0,000000
192 1734112260 16733,000000 -1,000000 -101,000000 0,000000 0,000000
192 1734112261 16733,000000 -1,000000 -101,000000 0,000000 0,000000
192 1734112262 9036,800000 -1,000000 -101,000000 0,000000 0,000000
192 1734112263 9036,800000 -1,000000 -101,000000 0,000000 0,000000
192 1734112264 9036,800000 -1,000000 -101,000000 0,000000 0,000000
192 1734112265 9036,800000 -1,000000 -101,000000 0,000000 0,000000
192 1734112266 9036,800000 -1,000000 -101,000000 0,000000 0,000000
192 1734112267 5833,400000 -1,000000 -101,000000 0,000000 0,000000
192 1734112268 5833,400000 -1,000000 -101,000000 0,000000 0,000000
192 1734112269 5833,400000 -1,000000 -101,000000 0,000000 0,000000
192 1734112270 5833,400000 -1,000000 -101,000000 0,000000 0,000000
192 1734112271 5833,400000 -1,000000 -101,000000 0,000000 0,000000
192 1734112272 3640,800000 -1,000000 -101,000000 0,000000 0,000000
192 1734112273 3640,800000 -1,000000 -101,000000 0,000000 0,000000
192 1734112274 3640,800000 -1,000000 -101,000000 0,000000 0,000000
192 1734112275 3640,800000 -1,000000 -101,000000 0,000000 0,000000
192 1734112276 3640,800000 -1,000000 -101,000000 0,000000 0,000000
192 1734112277 21556,200000 -1,000000 -101,000000 0,000000 0,000000
192 1734112278 21556,200000 -1,000000 -101,000000 0,000000 0,000000
192 1734112279 21556,200000 -1,000000 -101,000000 0,000000 0,000000
192 1734112280 21556,200000 -1,000000 -101,000000 0,000000 0,000000
192 1734112281 21556,200000 -1,000000 -101,000000 0,000000 0,000000
192 1734112282 19558,000000 -1,000000 -101,000000 0,000000 0,000000
192 1734112283 19558,000000 -1,000000 -101,000000 0,000000 0,000000
192 1734112284 19558,000000 -1,000000 -101,000000 0,000000 0,000000
192 1734112285 19558,000000 -1,000000 -101,000000 0,000000 0,000000
192 1734112286 19558,000000 -1,000000 -101,000000 0,000000 0,000000
192 1734112287 7813,400000 -1,000000 -101,000000 0,000000 0,000000
192 1734112288 7813,400000 -1,000000 -101,000000 0,000000 0,000000
192 1734112289 7813,400000 -1,000000 -101,000000 0,000000 0,000000
192 1734112290 7813,400000 -1,000000 -101,000000 0,000000 0,000000
192 1734112291 7813,400000 -1,000000 -101,000000 0,000000 0,000000
192 1734112292 11712,600000 -1,000000 -101,000000 0,000000 0,000000
192 1734112293 11712,600000 -1,000000 -101,000000 0,000000 0,000000
192 1734112294 11712,600000 -1,000000 -101,000000 0,000000 0,000000
192 1734112295 11712,600000 -1,000000 -101,000000 0,000000 0,000000
192 1734112296 11712,600000 -1,000000 -101,000000 0,000000 0,000000
192 1734112297 10061,400000 -1,000000 -101,000000 0,000000 0,000000
192 1734112298 10061,400000 -1,000000 -101,000000 0,000000 0,000000
192 1734112299 10061,400000 -1,000000 -101,000000 0,000000 0,000000
192 1734112300 10061,400000 -1,000000 -101,000000 0,000000 0,000000
192 1734112301 10061,400000 -1,000000 -101,000000 0,000000 0,000000
192 1734112302 1275,400000 -1,000000 -101,000000 0,000000 0,000000
192 1734112303 1275,400000 -1,000000 -101,000000 0,000000 0,000000
192 1734112304 1275,400000 -1,000000 -101,000000 0,000000 0,000000
192 1734112305 1275,400000 -1,000000 -101,000000 0,000000 0,000000
192 1734112306 1275,400000 -1,000000 -101,000000 0,000000 0,000000
192 1734112307 8102,400000 -1,000000 -101,000000 0,000000 0,000000
192 1734112308 8102,400000 -1,000000 -101,000000 0,000000 0,000000
192 1734112309 8102,400000 -1,000000 -101,000000 0,000000 0,000000
192 1734112310 8102,400000 -1,000000 -101,000000 0,000000 0,000000
192 1734112311 8102,400000 -1,000000 -101,000000 0,000000 0,000000
192 1734112312 35110,200000 -1,000000 -101,000000 0,000000 0,000000
192 1734112313 35110,200000 -1,000000 -101,000000 0,000000 0,000000
192 1734112314 35110,200000 -1,000000 -101,000000 0,000000 0,000000
192 1734112315 35110,200000 -1,000000 -101,000000 0,000000 0,000000
192 1734112316 35110,200000 -1,000000 -101,000000 0,000000 0,000000
192 1734112317 20256,800000 -1,000000 -101,000000 0,000000 0,000000
192 1734112318 20256,800000 -1,000000 -101,000000 0,000000 0,000000
192 1734112319 20256,800000 -1,000000 -101,000000 0,000000 0,000000
192 1734112320 20256,800000 -1,000000 -101,000000 0,000000 0,000000
192 1734112321 20256,800000 -1,000000 -101,000000 0,000000 0,000000
192 1734112322 7652,000000 -1,000000 -101,000000 0,000000 0,000000
192 1734112323 7652,000000 -1,000000 -101,000000 0,000000 0,000000
192 1734112324 7652,000000 -1,000000 -101,000000 0,000000 0,000000
192 1734112325 7652,000000 -1,000000 -101,000000 0,000000 0,000000
192 1734112326 7652,000000 -1,000000 -101,000000 0,000000 0,000000
192 1734112327 13326,600000 -1,000000 -101,000000 0,000000 0,000000
192 1734112328 13326,600000 -1,000000 -101,000000 0,000000 0,000000
192 1734112329 13326,600000 -1,000000 -101,000000 0,000000 0,000000
192 1734112330 13326,600000 -1,000000 -101,000000 0,000000 0,000000
192 1734112331 13326,600000 -1,000000 -101,000000 0,000000 0,000000
192 1734112332 8328,200000 -1,000000 -101,000000 0,000000 0,000000
192 1734112333 8328,200000 -1,000000 -101,000000 0,000000 0,000000
192 1734112334 8328,200000 -1,000000 -101,000000 0,000000 0,000000
192 1734112335 8328,200000 -1,000000 -101,000000 0,000000 0,000000
192 1734112336 8328,200000 -1,000000 -101,000000 0,000000 0,000000
192 1734112337 3094,000000 -1,000000 -101,000000 0,000000 0,000000
192 1734112338 3094,000000 -1,000000 -101,000000 0,000000 0,000000
192 1734112339 3094,000000 -1,000000 -101,000000 0,000000 0,000000
192 1734112340 3094,000000 -1,000000 -101,000000 0,000000 0,000000
192 1734112341 3094,000000 -1,000000 -101,000000 0,000000 0,000000
192 1734112342 8973,000000 -1,000000 -101,000000 0,000000 0,000000
192 1734112343 8973,000000 -1,000000 -101,000000 0,000000 0,000000
192 1734112344 8973,000000 -1,000000 -101,000000 0,000000 0,000000
192 1734112345 8973,000000 -1,000000 -101,000000 0,000000 0,000000
192 1734112346 8973,000000 -1,000000 -101,000000 0,000000 0,000000
192 1734112347 7504,200000 -1,000000 -101,000000 0,000000 0,000000
192 1734112348 7504,200000 -1,000000 -101,000000 0,000000 0,000000
192 1734112349 7504,200000 -1,000000 -101,000000 0,000000 0,000000
192 1734112350 7504,200000 -1,000000 -101,000000 0,000000 0,000000
192 1734112351 7504,200000 -1,000000 -101,000000 0,000000 0,000000
192 1734112352 12138,800000 -1,000000 -101,000000 0,000000 0,000000
192 1734112353 12138,800000 -1,000000 -101,000000 0,000000 0,000000
192 1734112354 12138,800000 -1,000000 -101,000000 0,000000 0,000000
192 1734112355 12138,800000 -1,000000 -101,000000 0,000000 0,000000
192 1734112356 12138,800000 -1,000000 -101,000000 0,000000 0,000000
192 1734112357 26732,000000 -1,000000 -101,000000 0,000000 0,000000
192 1734112358 26732,000000 -1,000000 -101,000000 0,000000 0,000000
192 1734112359 26732,000000 -1,000000 -101,000000 0,000000 0,000000
192 1734112360 26732,000000 -1,000000 -101,000000 0,000000 0,000000
192 1734112361 26732,000000 -1,000000 -101,000000 0,000000 0,000000
192 1734112362 13834,000000 -1,000000 -101,000000 0,000000 0,000000
192 1734112363 13834,000000 -1,000000 -101,000000 0,000000 0,000000
192 1734112364 13834,000000 -1,000000 -101,000000 0,000000 0,000000
192 1734112365 13834,000000 -1,000000 -101,000000 0,000000 0,000000
192 1734112366 13834,000000 -1,000000 -101,000000 0,000000 0,000000
192 1734112367 9747,800000 -1,000000 -101,000000 0,000000 0,000000
192 1734112368 9747,800000 -1,000000 -101,000000 0,000000 0,000000
192 1734112369 9747,800000 -1,000000 -101,000000 0,000000 0,000000
192 1734112370 9747,800000 -1,000000 -101,000000 0,000000 0,000000
192 1734112371 9747,800000 -1,000000 -101,000000 0,000000 0,000000
192 1734112372 800,200000 -1,000000 -101,000000 0,000000 0,000000
192 1734112373 800,200000 -1,000000 -101,000000 0,000000 0,000000
192 1734112374 800,200000 -1,000000 -101,000000 0,000000 0,000000
192 1734112375 800,200000 -1,000000 -101,000000 0,000000 0,000000
192 1734112376 800,200000 -1,000000 -101,000000 0,000000 0,000000
192 1734112387 3090,000000 -1,000000 -101,000000 0,000000 0,000000
192 1734112388 3090,000000 -1,000000 -101,000000 0,000000 0,000000
192 1734112389 3090,000000 -1,000000 -101,000000 0,000000 0,000000
192 1734112390 3090,000000 -1,000000 -101,000000 0,000000 0,000000
192 1734112391 3090,000000 -1,000000 -101,000000 0,000000 0,000000
192 1734112392 42255,800000 -1,000000 -101,000000 0,000000 0,000000
192 1734112393 42255,800000 -1,000000 -101,000000 0,000000 0,000000
192 1734112394 42255,800000 -1,000000 -101,000000 0,000000 0,000000
192 1734112395 42255,800000 -1,000000 -101,000000 0,000000 0,000000
192 1734112396 42255,800000 -1,000000 -101,000000 0,000000 0,000000
192 1734112397 13553,800000 -1,000000 -101,000000 0,000000 0,000000
192 1734112398 13553,800000 -1,000000 -101,000000 0,000000 0,000000
192 1734112399 13553,800000 -1,000000 -101,000000 0,000000 0,000000
192 1734112400 13553,800000 -1,000000 -101,000000 0,000000 0,000000
192 1734112401 13553,800000 -1,000000 -101,000000 0,000000 0,000000
192 1734112402 32348,200000 -1,000000 -101,000000 0,000000 0,000000
192 1734112403 32348,200000 -1,000000 -101,000000 0,000000 0,000000
192 1734112404 32348,200000 -1,000000 -101,000000 0,000000 0,000000
192 1734112405 32348,200000 -1,000000 -101,000000 0,000000 0,000000
192 1734112406 32348,200000 -1,000000 -101,000000 0,000000 0,000000
192 1734112407 11073,000000 -1,000000 -101,000000 0,000000 0,000000
192 1734112408 11073,000000 -1,000000 -101,000000 0,000000 0,000000
192 1734112409 11073,000000 -1,000000 -101,000000 0,000000 0,000000
192 1734112410 11073,000000 -1,000000 -101,000000 0,000000 0,000000
192 1734112411 11073,000000 -1,000000 -101,000000 0,000000 0,000000
192 1734112412 4943,200000 -1,000000 -101,000000 0,000000 0,000000
192 1734112413 4943,200000 -1,000000 -101,000000 0,000000 0,000000
192 1734112414 4943,200000 -1,000000 -101,000000 0,000000 0,000000
192 1734112415 4943,200000 -1,000000 -101,000000 0,000000 0,000000
192 1734112416 4943,200000 -1,000000 -101,000000 0,000000 0,000000
192 1734112417 1700,600000 -1,000000 -101,000000 0,000000 0,000000
192 1734112418 1700,600000 -1,000000 -101,000000 0,000000 0,000000
192 1734112419 1700,600000 -1,000000 -101,000000 0,000000 0,000000
192 1734112420 1700,600000 -1,000000 -101,000000 0,000000 0,000000
192 1734112421 1700,600000 -1,000000 -101,000000 0,000000 0,000000
192 1734112422 10989,200000 -1,000000 -101,000000 0,000000 0,000000
192 1734112423 10989,200000 -1,000000 -101,000000 0,000000 0,000000
192 1734112424 10989,200000 -1,000000 -101,000000 0,000000 0,000000
192 1734112425 10989,200000 -1,000000 -101,000000 0,000000 0,000000
192 1734112426 10989,200000 -1,000000 -101,000000 0,000000 0,000000
192 1734112427 12952,600000 -1,000000 -101,000000 0,000000 0,000000
192 1734112428 12952,600000 -1,000000 -101,000000 0,000000 0,000000
192 1734112429 12952,600000 -1,000000 -101,000000 0,000000 0,000000
192 1734112430 12952,600000 -1,000000 -101,000000 0,000000 0,000000
192 1734112431 12952,600000 -1,000000 -101,000000 0,000000 0,000000
192 1734112432 30260,200000 -1,000000 -101,000000 0,000000 0,000000
192 1734112433 30260,200000 -1,000000 -101,000000 0,000000 0,000000
192 1734112434 30260,200000 -1,000000 -101,000000 0,000000 0,000000
192 1734112435 30260,200000 -1,000000 -101,000000 0,000000 0,000000
192 1734112436 30260,200000 -1,000000 -101,000000 0,000000 0,000000
192 1734112437 36246,600000 -1,000000 -101,000000 0,000000 0,000000
192 1734112438 36246,600000 -1,000000 -101,000000 0,000000 0,000000
192 1734112439 36246,600000 -1,000000 -101,000000 0,000000 0,000000
192 1734112440 36246,600000 -1,000000 -101,000000 0,000000 0,000000
192 1734112441 36246,600000 -1,000000 -101,000000 0,000000 0,000000
192 1734112442 1912,600000 -1,000000 -101,000000 0,000000 0,000000
192 1734112443 1912,600000 -1,000000 -101,000000 0,000000 0,000000
192 1734112444 1912,600000 -1,000000 -101,000000 0,000000 0,000000
192 1734112445 1912,600000 -1,000000 -101,000000 0,000000 0,000000
192 1734112446 1912,600000 -1,000000 -101,000000 0,000000 0,000000
192 1734112447 2885,800000 -1,000000 -101,000000 0,000000 0,000000
192 1734112448 2885,800000 -1,000000 -101,000000 0,000000 0,000000
192 1734112449 2885,800000 -1,000000 -101,000000 0,000000 0,000000
192 1734112450 2885,800000 -1,000000 -101,000000 0,000000 0,000000
192 1734112451 2885,800000 -1,000000 -101,000000 0,000000 0,000000
192 1734112452 6356,600000 -1,000000 -101,000000 0,000000 0,000000
192 1734112453 6356,600000 -1,000000 -101,000000 0,000000 0,000000
192 1734112454 6356,600000 -1,000000 -101,000000 0,000000 0,000000
192 1734112455 6356,600000 -1,000000 -101,000000 0,000000 0,000000
192 1734112456 6356,600000 -1,000000 -101,000000 0,000000 0,000000
192 1734112457 4920,600000 -1,000000 -101,000000 0,000000 0,000000
192 1734112458 4920,600000 -1,000000 -101,000000 0,000000 0,000000
192 1734112459 4920,600000 -1,000000 -101,000000 0,000000 0,000000
192 1734112460 4920,600000 -1,000000 -101,000000 0,000000 0,000000
192 1734112461 4920,600000 -1,000000 -101,000000 0,000000 0,000000
192 1734112462 12343,600000 -1,000000 -101,000000 0,000000 0,000000
192 1734112463 12343,600000 -1,000000 -101,000000 0,000000 0,000000
192 1734112464 12343,600000 -1,000000 -101,000000 0,000000 0,000000
192 1734112465 12343,600000 -1,000000 -101,000000 0,000000 0,000000
192 1734112466 12343,600000 -1,000000 -101,000000 0,000000 0,000000
192 1734112467 1275,400000 -1,000000 -101,000000 0,000000 0,000000
192 1734112468 1275,400000 -1,000000 -101,000000 0,000000 0,000000
192 1734112469 1275,400000 -1,000000 -101,000000 0,000000 0,000000
192 1734112470 1275,400000 -1,000000 -101,000000 0,000000 0,000000
192 1734112471 1275,400000 -1,000000 -101,000000 0,000000 0,000000
192 1734112472 42787,400000 -1,000000 -101,000000 0,000000 0,000000
192 1734112473 42787,400000 -1,000000 -101,000000 0,000000 0,000000
192 1734112474 42787,400000 -1,000000 -101,000000 0,000000 0,000000
192 1734112475 42787,400000 -1,000000 -101,000000 0,000000 0,000000
192 1734112476 42787,400000 -1,000000 -101,000000 0,000000 0,000000
192 1734112477 12275,800000 -1,000000 -101,000000 0,000000 0,000000
192 1734112478 12275,800000 -1,000000 -101,000000 0,000000 0,000000
192 1734112479 12275,800000 -1,000000 -101,000000 0,000000 0,000000
192 1734112480 12275,800000 -1,000000 -101,000000 0,000000 0,000000
192 1734112481 12275,800000 -1,000000 -101,000000 0,000000 0,000000
192 1734112482 6375,600000 -1,000000 -101,000000 0,000000 0,000000
192 1734112483 6375,600000 -1,000000 -101,000000 0,000000 0,000000
192 1734112484 6375,600000 -1,000000 -101,000000 0,000000 0,000000
192 1734112485 6375,600000 -1,000000 -101,000000 0,000000 0,000000
192 1734112486 6375,600000 -1,000000 -101,000000 0,000000 0,000000
192 1734112487 15235,800000 -1,000000 -101,000000 0,000000 0,000000
192 1734112488 15235,800000 -1,000000 -101,000000 0,000000 0,000000
192 1734112489 15235,800000 -1,000000 -101,000000 0,000000 0,000000
192 1734112490 15235,800000 -1,000000 -101,000000 0,000000 0,000000
192 1734112491 15235,800000 -1,000000 -101,000000 0,000000 0,000000
192 1734112492 4022,400000 -1,000000 -101,000000 0,000000 0,000000
192 1734112493 4022,400000 -1,000000 -101,000000 0,000000 0,000000
192 1734112494 4022,400000 -1,000000 -101,000000 0,000000 0,000000
192 1734112495 4022,400000 -1,000000 -101,000000 0,000000 0,000000
192 1734112496 4022,400000 -1,000000 -101,000000 0,000000 0,000000
192 1734112497 25239,400000 -1,000000 -101,000000 0,000000 0,000000
192 1734112498 25239,400000 -1,000000 -101,000000 0,000000 0,000000
192 1734112499 25239,400000 -1,000000 -101,000000 0,000000 0,000000
192 1734112500 25239,400000 -1,000000 -101,000000 0,000000 0,000000
192 1734112501 25239,400000 -1,000000 -101,000000 0,000000 0,000000
192 1734112502 5649,600000 -1,000000 -101,000000 0,000000 0,000000
192 1734112503 5649,600000 -1,000000 -101,000000 0,000000 0,000000
192 1734112504 5649,600000 -1,000000 -101,000000 0,000000 0,000000
192 1734112505 5649,600000 -1,000000 -101,000000 0,000000 0,000000
192 1734112506 5649,600000 -1,000000 -101,000000 0,000000 0,000000
192 1734112507 22618,000000 -1,000000 -101,000000 0,000000 0,000000
192 1734112508 22618,000000 -1,000000 -101,000000 0,000000 0,000000
192 1734112509 22618,000000 -1,000000 -101,000000 0,000000 0,000000
192 1734112510 22618,000000 -1,000000 -101,000000 0,000000 0,000000
192 1734112511 22618,000000 -1,000000 -101,000000 0,000000 0,000000
192 1734112512 26363,600000 -1,000000 -101,000000 0,000000 0,000000
192 1734112513 26363,600000 -1,000000 -101,000000 0,000000 0,000000
192 1734112514 26363,600000 -1,000000 -101,000000 0,000000 0,000000
192 1734112515 26363,600000 -1,000000 -101,000000 0,000000 0,000000
192 1734112516 26363,600000 -1,000000 -101,000000 0,000000 0,000000
192 1734112517 805,200000 -1,000000 -101,000000 0,000000 0,000000
192 1734112518 805,200000 -1,000000 -101,000000 0,000000 0,000000
192 1734112519 805,200000 -1,000000 -101,000000 0,000000 0,000000
192 1734112520 805,200000 -1,000000 -101,000000 0,000000 0,000000
192 1734112521 805,200000 -1,000000 -101,000000 0,000000 0,000000
192 1734112537 19992,400000 -1,000000 -101,000000 0,000000 0,000000
192 1734112538 19992,400000 -1,000000 -101,000000 0,000000 0,000000
192 1734112539 19992,400000 -1,000000 -101,000000 0,000000 0,000000
192 1734112540 19992,400000 -1,000000 -101,000000 0,000000 0,000000
192 1734112541 19992,400000 -1,000000 -101,000000 0,000000 0,000000
192 1734112542 2551,000000 -1,000000 -101,000000 0,000000 0,000000
192 1734112543 2551,000000 -1,000000 -101,000000 0,000000 0,000000
192 1734112544 2551,000000 -1,000000 -101,000000 0,000000 0,000000
192 1734112545 2551,000000 -1,000000 -101,000000 0,000000 0,000000
192 1734112546 2551,000000 -1,000000 -101,000000 0,000000 0,000000
192 1734112547 21389,400000 -1,000000 -101,000000 0,000000 0,000000
192 1734112548 21389,400000 -1,000000 -101,000000 0,000000 0,000000
192 1734112549 21389,400000 -1,000000 -101,000000 0,000000 0,000000
192 1734112550 21389,400000 -1,000000 -101,000000 0,000000 0,000000
192 1734112551 21389,400000 -1,000000 -101,000000 0,000000 0,000000
192 1734112552 30891,400000 -1,000000 -101,000000 0,000000 0,000000
192 1734112553 30891,400000 -1,000000 -101,000000 0,000000 0,000000
192 1734112554 30891,400000 -1,000000 -101,000000 0,000000 0,000000
192 1734112555 30891,400000 -1,000000 -101,000000 0,000000 0,000000
192 1734112556 30891,400000 -1,000000 -101,000000 0,000000 0,000000
192 1734112557 13718,000000 -1,000000 -101,000000 0,000000 0,000000
192 1734112558 13718,000000 -1,000000 -101,000000 0,000000 0,000000
192 1734112559 13718,000000 -1,000000 -101,000000 0,000000 0,000000
192 1734112560 13718,000000 -1,000000 -101,000000 0,000000 0,000000
192 1734112561 13718,000000 -1,000000 -101,000000 0,000000 0,000000
192 1734112562 6900,000000 -1,000000 -101,000000 0,000000 0,000000
192 1734112563 6900,000000 -1,000000 -101,000000 0,000000 0,000000
192 1734112564 6900,000000 -1,000000 -101,000000 0,000000 0,000000
192 1734112565 6900,000000 -1,000000 -101,000000 0,000000 0,000000
192 1734112566 6900,000000 -1,000000 -101,000000 0,000000 0,000000
192 1734112567 13680,800000 -1,000000 -101,000000 0,000000 0,000000
192 1734112568 13680,800000 -1,000000 -101,000000 0,000000 0,000000
192 1734112569 13680,800000 -1,000000 -101,000000 0,000000 0,000000
192 1734112570 13680,800000 -1,000000 -101,000000 0,000000 0,000000
192 1734112571 13680,800000 -1,000000 -101,000000 0,000000 0,000000
192 1734112572 12057,600000 -1,000000 -101,000000 0,000000 0,000000
192 1734112573 12057,600000 -1,000000 -101,000000 0,000000 0,000000
192 1734112574 12057,600000 -1,000000 -101,000000 0,000000 0,000000
192 1734112575 12057,600000 -1,000000 -101,000000 0,000000 0,000000
192 1734112576 12057,600000 -1,000000 -101,000000 0,000000 0,000000
192 1734112577 2456,600000 -1,000000 -101,000000 0,000000 0,000000
192 1734112578 2456,600000 -1,000000 -101,000000 0,000000 0,000000
192 1734112579 2456,600000 -1,000000 -101,000000 0,000000 0,000000
192 1734112580 2456,600000 -1,000000 -101,000000 0,000000 0,000000
192 1734112581 2456,600000 -1,000000 -101,000000 0,000000 0,000000
192 1734112582 40471,800000 -1,000000 -101,000000 0,000000 0,000000
192 1734112583 40471,800000 -1,000000 -101,000000 0,000000 0,000000
192 1734112584 40471,800000 -1,000000 -101,000000 0,000000 0,000000
192 1734112585 40471,800000 -1,000000 -101,000000 0,000000 0,000000
192 1734112586 40471,800000 -1,000000 -101,000000 0,000000 0,000000
192 1734112587 16928,600000 -1,000000 -101,000000 0,000000 0,000000
192 1734112588 16928,600000 -1,000000 -101,000000 0,000000 0,000000
192 1734112589 16928,600000 -1,000000 -101,000000 0,000000 0,000000
192 1734112590 16928,600000 -1,000000 -101,000000 0,000000 0,000000
192 1734112591 16928,600000 -1,000000 -101,000000 0,000000 0,000000
192 1734112592 14559,800000 -1,000000 -101,000000 0,000000 0,000000
192 1734112593 14559,800000 -1,000000 -101,000000 0,000000 0,000000
192 1734112594 14559,800000 -1,000000 -101,000000 0,000000 0,000000
192 1734112595 14559,800000 -1,000000 -101,000000 0,000000 0,000000
192 1734112596 14559,800000 -1,000000 -101,000000 0,000000 0,000000
192 1734112597 801,000000 -1,000000 -101,000000 0,000000 0,000000
192 1734112598 801,000000 -1,000000 -101,000000 0,000000 0,000000
192 1734112599 801,000000 -1,000000 -101,000000 0,000000 0,000000
192 1734112600 801,000000 -1,000000 -101,000000 0,000000 0,000000
192 1734112601 801,000000 -1,000000 -101,000000 0,000000 0,000000
192 1734112602 4279,200000 -1,000000 -101,000000 0,000000 0,000000
192 1734112603 4279,200000 -1,000000 -101,000000 0,000000 0,000000
192 1734112604 4279,200000 -1,000000 -101,000000 0,000000 0,000000
192 1734112605 4279,200000 -1,000000 -101,000000 0,000000 0,000000
192 1734112606 4279,200000 -1,000000 -101,000000 0,000000 0,000000
192 1734112607 9253,200000 -1,000000 -101,000000 0,000000 0,000000
192 1734112608 9253,200000 -1,000000 -101,000000 0,000000 0,000000
192 1734112609 9253,200000 -1,000000 -101,000000 0,000000 0,000000
192 1734112610 9253,200000 -1,000000 -101,000000 0,000000 0,000000
192 1734112611 9253,200000 -1,000000 -101,000000 0,000000 0,000000
192 1734112612 2820,600000 -1,000000 -101,000000 0,000000 0,000000
192 1734112613 2820,600000 -1,000000 -101,000000 0,000000 0,000000
192 1734112614 2820,600000 -1,000000 -101,000000 0,000000 0,000000
192 1734112615 2820,600000 -1,000000 -101,000000 0,000000 0,000000
192 1734112616 2820,600000 -1,000000 -101,000000 0,000000 0,000000
192 1734112617 7683,400000 -1,000000 -101,000000 0,000000 0,000000
192 1734112618 7683,400000 -1,000000 -101,000000 0,000000 0,000000
192 1734112619 7683,400000 -1,000000 -101,000000 0,000000 0,000000
192 1734112620 7683,400000 -1,000000 -101,000000 0,000000 0,000000
192 1734112621 7683,400000 -1,000000 -101,000000 0,000000 0,000000
192 1734112622 8450,000000 -1,000000 -101,000000 0,000000 0,000000
192 1734112623 8450,000000 -1,000000 -101,000000 0,000000 0,000000
192 1734112624 8450,000000 -1,000000 -101,000000 0,000000 0,000000
192 1734112625 8450,000000 -1,000000 -101,000000 0,000000 0,000000
192 1734112626 8450,000000 -1,000000 -101,000000 0,000000 0,000000
192 1734112627 1275,400000 -1,000000 -101,000000 0,000000 0,000000
192 1734112628 1275,400000 -1,000000 -101,000000 0,000000 0,000000
192 1734112629 1275,400000 -1,000000 -101,000000 0,000000 0,000000
192 1734112630 1275,400000 -1,000000 -101,000000 0,000000 0,000000
192 1734112631 1275,400000 -1,000000 -101,000000 0,000000 0,000000
192 1734112632 35717,400000 -1,000000 -101,000000 0,000000 0,000000
192 1734112633 35717,400000 -1,000000 -101,000000 0,000000 0,000000
192 1734112634 35717,400000 -1,000000 -101,000000 0,000000 0,000000
192 1734112635 35717,400000 -1,000000 -101,000000 0,000000 0,000000
192 1734112636 35717,400000 -1,000000 -101,000000 0,000000 0,000000
192 1734112637 12804,200000 -1,000000 -101,000000 0,000000 0,000000
192 1734112638 12804,200000 -1,000000 -101,000000 0,000000 0,000000
192 1734112639 12804,200000 -1,000000 -101,000000 0,000000 0,000000
192 1734112640 12804,200000 -1,000000 -101,000000 0,000000 0,000000
192 1734112641 12804,200000 -1,000000 -101,000000 0,000000 0,000000
192 1734112642 34572,200000 -1,000000 -101,000000 0,000000 0,000000
192 1734112643 34572,200000 -1,000000 -101,000000 0,000000 0,000000
192 1734112644 34572,200000 -1,000000 -101,000000 0,000000 0,000000
192 1734112645 34572,200000 -1,000000 -101,000000 0,000000 0,000000
192 1734112646 34572,200000 -1,000000 -101,000000 0,000000 0,000000
192 1734112647 18121,600000 -1,000000 -101,000000 0,000000 0,000000
192 1734112648 18121,600000 -1,000000 -101,000000 0,000000 0,000000
192 1734112649 18121,600000 -1,000000 -101,000000 0,000000 0,000000
192 1734112650 18121,600000 -1,000000 -101,000000 0,000000 0,000000
192 1734112651 18121,600000 -1,000000 -101,000000 0,000000 0,000000
192 1734112652 9038,200000 -1,000000 -101,000000 0,000000 0,000000
192 1734112653 9038,200000 -1,000000 -101,000000 0,000000 0,000000
192 1734112654 9038,200000 -1,000000 -101,000000 0,000000 0,000000
192 1734112655 9038,200000 -1,000000 -101,000000 0,000000 0,000000
192 1734112656 9038,200000 -1,000000 -101,000000 0,000000 0,000000
192 1734112657 16782,400000 -1,000000 -101,000000 0,000000 0,000000
192 1734112658 16782,400000 -1,000000 -101,000000 0,000000 0,000000
192 1734112659 16782,400000 -1,000000 -101,000000 0,000000 0,000000
192 1734112660 16782,400000 -1,000000 -101,000000 0,000000 0,000000
192 1734112661 16782,400000 -1,000000 -101,000000 0,000000 0,000000
192 1734112662 9257,000000 -1,000000 -101,000000 0,000000 0,000000
192 1734112663 9257,000000 -1,000000 -101,000000 0,000000 0,000000
192 1734112664 9257,000000 -1,000000 -101,000000 0,000000 0,000000
192 1734112665 9257,000000 -1,000000 -101,000000 0,000000 0,000000
192 1734112666 9257,000000 -1,000000 -101,000000 0,000000 0,000000
192 1734112667 7575,800000 -1,000000 -101,000000 0,000000 0,000000
192 1734112668 7575,800000 -1,000000 -101,000000 0,000000 0,000000
192 1734112669 7575,800000 -1,000000 -101,000000 0,000000 0,000000
192 1734112670 7575,800000 -1,000000 -101,000000 0,000000 0,000000
192 1734112671 7575,800000 -1,000000 -101,000000 0,000000 0,000000
192 1734112672 4670,000000 -1,000000 -101,000000 0,000000 0,000000
192 1734112673 4670,000000 -1,000000 -101,000000 0,000000 0,000000
192 1734112674 4670,000000 -1,000000 -101,000000 0,000000 0,000000
192 1734112675 4670,000000 -1,000000 -101,000000 0,000000 0,000000
192 1734112676 4670,000000 -1,000000 -101,000000 0,000000 0,000000
192 1734112677 16902,400000 -1,000000 -101,000000 0,000000 0,000000
192 1734112678 16902,400000 -1,000000 -101,000000 0,000000 0,000000
192 1734112679 16902,400000 -1,000000 -101,000000 0,000000 0,000000
192 1734112680 16902,400000 -1,000000 -101,000000 0,000000 0,000000
192 1734112681 16902,400000 -1,000000 -101,000000 0,000000 0,000000
192 1734112687 2551,000000 -1,000000 -101,000000 0,000000 0,000000
192 1734112688 2551,000000 -1,000000 -101,000000 0,000000 0,000000
192 1734112689 2551,000000 -1,000000 -101,000000 0,000000 0,000000
192 1734112690 2551,000000 -1,000000 -101,000000 0,000000 0,000000
192 1734112691 2551,000000 -1,000000 -101,000000 0,000000 0,000000
192 1734112692 27975,800000 -1,000000 -101,000000 0,000000 0,000000
192 1734112693 27975,800000 -1,000000 -101,000000 0,000000 0,000000
192 1734112694 27975,800000 -1,000000 -101,000000 0,000000 0,000000
192 1734112695 27975,800000 -1,000000 -101,000000 0,000000 0,000000
192 1734112696 27975,800000 -1,000000 -101,000000 0,000000 0,000000
192 1734112697 10789,000000 -1,000000 -101,000000 0,000000 0,000000
192 1734112698 10789,000000 -1,000000 -101,000000 0,000000 0,000000
192 1734112699 10789,000000 -1,000000 -101,000000 0,000000 0,000000
192 1734112700 10789,000000 -1,000000 -101,000000 0,000000 0,000000
192 1734112701 10789,000000 -1,000000 -101,000000 0,000000 0,000000
192 1734112702 2714,800000 -1,000000 -101,000000 0,000000 0,000000
192 1734112703 2714,800000 -1,000000 -101,000000 0,000000 0,000000
192 1734112704 2714,800000 -1,000000 -101,000000 0,000000 0,000000
192 1734112705 2714,800000 -1,000000 -101,000000 0,000000 0,000000
192 1734112706 2714,800000 -1,000000 -101,000000 0,000000 0,000000
192 1734112707 522,000000 -1,000000 -101,000000 0,000000 0,000000
192 1734112708 522,000000 -1,000000 -101,000000 0,000000 0,000000
192 1734112709 522,000000 -1,000000 -101,000000 0,000000 0,000000
192 1734112710 522,000000 -1,000000 -101,000000 0,000000 0,000000
192 1734112711 522,000000 -1,000000 -101,000000 0,000000 0,000000
192 1734112712 25356,000000 -1,000000 -101,000000 0,000000 0,000000
192 1734112713 25356,000000 -1,000000 -101,000000 0,000000 0,000000
192 1734112714 25356,000000 -1,000000 -101,000000 0,000000 0,000000
192 1734112715 25356,000000 -1,000000 -101,000000 0,000000 0,000000
192 1734112716 25356,000000 -1,000000 -101,000000 0,000000 0,000000
192 1734112717 26518,600000 -1,000000 -101,000000 0,000000 0,000000
192 1734112718 26518,600000 -1,000000 -101,000000 0,000000 0,000000
192 1734112719 26518,600000 -1,000000 -101,000000 0,000000 0,000000
192 1734112720 26518,600000 -1,000000 -101,000000 0,000000 0,000000
192 1734112721 26518,600000 -1,000000 -101,000000 0,000000 0,000000
192 1734112722 9031,200000 -1,000000 -101,000000 0,000000 0,000000
192 1734112723 9031,200000 -1,000000 -101,000000 0,000000 0,000000
192 1734112724 9031,200000 -1,000000 -101,000000 0,000000 0,000000
192 1734112725 9031,200000 -1,000000 -101,000000 0,000000 0,000000
192 1734112726 9031,200000 -1,000000 -101,000000 0,000000 0,000000
192 1734112727 19342,400000 -1,000000 -101,000000 0,000000 0,000000
192 1734112728 19342,400000 -1,000000 -101,000000 0,000000 0,000000
192 1734112729 19342,400000 -1,000000 -101,000000 0,000000 0,000000
192 1734112730 19342,400000 -1,000000 -101,000000 0,000000 0,000000
192 1734112731 19342,400000 -1,000000 -101,000000 0,000000 0,000000
192 1734112732 18459,200000 -1,000000 -101,000000 0,000000 0,000000
192 1734112733 18459,200000 -1,000000 -101,000000 0,000000 0,000000
192 1734112734 18459,200000 -1,000000 -101,000000 0,000000 0,000000
192 1734112735 18459,200000 -1,000000 -101,000000 0,000000 0,000000
192 1734112736 18459,200000 -1,000000 -101,000000 0,000000 0,000000
192 1734112737 28741,000000 -1,000000 -101,000000 0,000000 0,000000
192 1734112738 28741,000000 -1,000000 -101,000000 0,000000 0,000000
192 1734112739 28741,000000 -1,000000 -101,000000 0,000000 0,000000
192 1734112740 28741,000000 -1,000000 -101,000000 0,000000 0,000000
192 1734112741 28741,000000 -1,000000 -101,000000 0,000000 0,000000
192 1734112742 15710,000000 -1,000000 -101,000000 0,000000 0,000000
192 1734112743 15710,000000 -1,000000 -101,000000 0,000000 0,000000
192 1734112744 15710,000000 -1,000000 -101,000000 0,000000 0,000000
192 1734112745 15710,000000 -1,000000 -101,000000 0,000000 0,000000
192 1734112746 15710,000000 -1,000000 -101,000000 0,000000 0,000000
192 1734112747 5833,600000 -1,000000 -101,000000 0,000000 0,000000
192 1734112748 5833,600000 -1,000000 -101,000000 0,000000 0,000000
192 1734112749 5833,600000 -1,000000 -101,000000 0,000000 0,000000
192 1734112750 5833,600000 -1,000000 -101,000000 0,000000 0,000000
192 1734112751 5833,600000 -1,000000 -101,000000 0,000000 0,000000
192 1734112752 12372,000000 -1,000000 -101,000000 0,000000 0,000000
192 1734112753 12372,000000 -1,000000 -101,000000 0,000000 0,000000
192 1734112754 12372,000000 -1,000000 -101,000000 0,000000 0,000000
192 1734112755 12372,000000 -1,000000 -101,000000 0,000000 0,000000
192 1734112756 12372,000000 -1,000000 -101,000000 0,000000 0,000000
192 1734112757 1275,200000 -1,000000 -101,000000 0,000000 0,000000
192 1734112758 1275,200000 -1,000000 -101,000000 0,000000 0,000000
192 1734112759 1275,200000 -1,000000 -101,000000 0,000000 0,000000
192 1734112760 1275,200000 -1,000000 -101,000000 0,000000 0,000000
192 1734112761 1275,200000 -1,000000 -101,000000 0,000000 0,000000
192 1734112762 11814,800000 -1,000000 -101,000000 0,000000 0,000000
192 1734112763 11814,800000 -1,000000 -101,000000 0,000000 0,000000
192 1734112764 11814,800000 -1,000000 -101,000000 0,000000 0,000000
192 1734112765 11814,800000 -1,000000 -101,000000 0,000000 0,000000
192 1734112766 11814,800000 -1,000000 -101,000000 0,000000 0,000000
192 1734112767 11542,600000 -1,000000 -101,000000 0,000000 0,000000
192 1734112768 11542,600000 -1,000000 -101,000000 0,000000 0,000000
192 1734112769 11542,600000 -1,000000 -101,000000 0,000000 0,000000
192 1734112770 11542,600000 -1,000000 -101,000000 0,000000 0,000000
192 1734112771 11542,600000 -1,000000 -101,000000 0,000000 0,000000
192 1734112772 1275,400000 -1,000000 -101,000000 0,000000 0,000000
192 1734112773 1275,400000 -1,000000 -101,000000 0,000000 0,000000
192 1734112774 1275,400000 -1,000000 -101,000000 0,000000 0,000000
192 1734112775 1275,400000 -1,000000 -101,000000 0,000000 0,000000
192 1734112776 1275,400000 -1,000000 -101,000000 0,000000 0,000000
192 1734112777 10363,800000 -1,000000 -101,000000 0,000000 0,000000
192 1734112778 10363,800000 -1,000000 -101,000000 0,000000 0,000000
192 1734112779 10363,800000 -1,000000 -101,000000 0,000000 0,000000
192 1734112780 10363,800000 -1,000000 -101,000000 0,000000 0,000000
192 1734112781 10363,800000 -1,000000 -101,000000 0,000000 0,000000
192 1734112782 1798,600000 -1,000000 -101,000000 0,000000 0,000000
192 1734112783 1798,600000 -1,000000 -101,000000 0,000000 0,000000
192 1734112784 1798,600000 -1,000000 -101,000000 0,000000 0,000000
192 1734112785 1798,600000 -1,000000 -101,000000 0,000000 0,000000
192 1734112786 1798,600000 -1,000000 -101,000000 0,000000 0,000000
192 1734112787 23180,800000 -1,000000 -101,000000 0,000000 0,000000
192 1734112788 23180,800000 -1,000000 -101,000000 0,000000 0,000000
192 1734112789 23180,800000 -1,000000 -101,000000 0,000000 0,000000
192 1734112790 23180,800000 -1,000000 -101,000000 0,000000 0,000000
192 1734112791 23180,800000 -1,000000 -101,000000 0,000000 0,000000
192 1734112792 35325,200000 -1,000000 -101,000000 0,000000 0,000000
192 1734112793 35325,200000 -1,000000 -101,000000 0,000000 0,000000
192 1734112794 35325,200000 -1,000000 -101,000000 0,000000 0,000000
192 1734112795 35325,200000 -1,000000 -101,000000 0,000000 0,000000
192 1734112796 35325,200000 -1,000000 -101,000000 0,000000 0,000000
192 1734112797 23058,800000 -1,000000 -101,000000 0,000000 0,000000
192 1734112798 23058,800000 -1,000000 -101,000000 0,000000 0,000000
192 1734112799 23058,800000 -1,000000 -101,000000 0,000000 0,000000
192 1734112800 23058,800000 -1,000000 -101,000000 0,000000 0,000000
192 1734112801 23058,800000 -1,000000 -101,000000 0,000000 0,000000
192 1734112802 11790,200000 -1,000000 -101,000000 0,000000 0,000000
192 1734112803 11790,200000 -1,000000 -101,000000 0,000000 0,000000
192 1734112804 11790,200000 -1,000000 -101,000000 0,000000 0,000000
192 1734112805 11790,200000 -1,000000 -101,000000 0,000000 0,000000
192 1734112806 11790,200000 -1,000000 -101,000000 0,000000 0,000000
192 1734112807 5671,000000 -1,000000 -101,000000 0,000000 0,000000
192 1734112808 5671,000000 -1,000000 -101,000000 0,000000 0,000000
192 1734112809 5671,000000 -1,000000 -101,000000 0,000000 0,000000
192 1734112810 5671,000000 -1,000000 -101,000000 0,000000 0,000000
192 1734112811 5671,000000 -1,000000 -101,000000 0,000000 0,000000
192 1734112812 19125,400000 -1,000000 -101,000000 0,000000 0,000000
192 1734112813 19125,400000 -1,000000 -101,000000 0,000000 0,000000
192 1734112814 19125,400000 -1,000000 -101,000000 0,000000 0,000000
192 1734112815 19125,400000 -1,000000 -101,000000 0,000000 0,000000
192 1734112816 19125,400000 -1,000000 -101,000000 0,000000 0,000000
192 1734112817 7195,800000 -1,000000 -101,000000 0,000000 0,000000
192 1734112818 7195,800000 -1,000000 -101,000000 0,000000 0,000000
192 1734112819 7195,800000 -1,000000 -101,000000 0,000000 0,000000
192 1734112820 7195,800000 -1,000000 -101,000000 0,000000 0,000000
192 1734112821 7195,800000 -1,000000 -101,000000 0,000000 0,000000
192 1734112822 16902,200000 -1,000000 -101,000000 0,000000 0,000000
192 1734112823 16902,200000 -1,000000 -101,000000 0,000000 0,000000
192 1734112824 16902,200000 -1,000000 -101,000000 0,000000 0,000000
192 1734112825 16902,200000 -1,000000 -101,000000 0,000000 0,000000
192 1734112826 16902,200000 -1,000000 -101,000000 0,000000 0,000000
192 1734112827 4108,600000 -1,000000 -101,000000 0,000000 0,000000
192 1734112828 4108,600000 -1,000000 -101,000000 0,000000 0,000000
192 1734112829 4108,600000 -1,000000 -101,000000 0,000000 0,000000
192 1734112830 4108,600000 -1,000000 -101,000000 0,000000 0,000000
192 1734112831 4108,600000 -1,000000 -101,000000 0,000000 0,000000
192 1734112832 22421,400000 -1,000000 -101,000000 0,000000 0,000000
192 1734112833 22421,400000 -1,000000 -101,000000 0,000000 0,000000
192 1734112834 22421,400000 -1,000000 -101,000000 0,000000 0,000000
192 1734112835 22421,400000 -1,000000 -101,000000 0,000000 0,000000
192 1734112836 22421,400000 -1,000000 -101,000000 0,000000 0,000000
192 1734112837 8447,600000 -1,000000 -101,000000 0,000000 0,000000
192 1734112838 8447,600000 -1,000000 -101,000000 0,000000 0,000000
192 1734112839 8447,600000 -1,000000 -101,000000 0,000000 0,000000
192 1734112840 8447,600000 -1,000000 -101,000000 0,000000 0,000000
192 1734112841 8447,600000 -1,000000 -101,000000 0,000000 0,000000
192 1734112842 11038,600000 -1,000000 -101,000000 0,000000 0,000000
192 1734112843 11038,600000 -1,000000 -101,000000 0,000000 0,000000
192 1734112844 11038,600000 -1,000000 -101,000000 0,000000 0,000000
192 1734112845 11038,600000 -1,000000 -101,000000 0,000000 0,000000
192 1734112846 11038,600000 -1,000000 -101,000000 0,000000 0,000000
192 1734112847 802,200000 -1,000000 -101,000000 0,000000 0,000000
192 1734112848 802,200000 -1,000000 -101,000000 0,000000 0,000000
192 1734112849 802,200000 -1,000000 -101,000000 0,000000 0,000000
192 1734112850 802,200000 -1,000000 -101,000000 0,000000 0,000000
192 1734112851 802,200000 -1,000000 -101,000000 0,000000 0,000000
192 1734112852 1912,600000 -1,000000 -101,000000 0,000000 0,000000
192 1734112853 1912,600000 -1,000000 -101,000000 0,000000 0,000000
192 1734112854 1912,600000 -1,000000 -101,000000 0,000000 0,000000
192 1734112855 1912,600000 -1,000000 -101,000000 0,000000 0,000000
192 1734112856 1912,600000 -1,000000 -101,000000 0,000000 0,000000
192 1734112857 8973,800000 -1,000000 -101,000000 0,000000 0,000000
192 1734112858 8973,800000 -1,000000 -101,000000 0,000000 0,000000
192 1734112859 8973,800000 -1,000000 -101,000000 0,000000 0,000000
192 1734112860 8973,800000 -1,000000 -101,000000 0,000000 0,000000
192 1734112861 8973,800000 -1,000000 -101,000000 0,000000 0,000000
192 1734112862 5968,000000 -1,000000 -101,000000 0,000000 0,000000
192 1734112863 5968,000000 -1,000000 -101,000000 0,000000 0,000000
192 1734112864 5968,000000 -1,000000 -101,000000 0,000000 0,000000
192 1734112865 5968,000000 -1,000000 -101,000000 0,000000 0,000000
192 1734112866 5968,000000 -1,000000 -101,000000 0,000000 0,000000
192 1734112867 2655,200000 -1,000000 -101,000000 0,000000 0,000000
192 1734112868 2655,200000 -1,000000 -101,000000 0,000000 0,000000
192 1734112869 2655,200000 -1,000000 -101,000000 0,000000 0,000000
192 1734112870 2655,200000 -1,000000 -101,000000 0,000000 0,000000
192 1734112871 2655,200000 -1,000000 -101,000000 0,000000 0,000000
192 1734112872 42863,200000 -1,000000 -101,000000 0,000000 0,000000
192 1734112873 42863,200000 -1,000000 -101,000000 0,000000 0,000000
192 1734112874 42863,200000 -1,000000 -101,000000 0,000000 0,000000
192 1734112875 42863,200000 -1,000000 -101,000000 0,000000 0,000000
192 1734112876 42863,200000 -1,000000 -101,000000 0,000000 0,000000
192 1734112877 17687,000000 -1,000000 -101,000000 0,000000 0,000000
192 1734112878 17687,000000 -1,000000 -101,000000 0,000000 0,000000
192 1734112879 17687,000000 -1,000000 -101,000000 0,000000 0,000000
192 1734112880 17687,000000 -1,000000 -101,000000 0,000000 0,000000
192 1734112881 17687,000000 -1,000000 -101,000000 0,000000 0,000000
192 1734112882 13324,800000 -1,000000 -101,000000 0,000000 0,000000
192 1734112883 13324,800000 -1,000000 -101,000000 0,000000 0,000000
192 1734112884 13324,800000 -1,000000 -101,000000 0,000000 0,000000
192 1734112885 13324,800000 -1,000000 -101,000000 0,000000 0,000000
192 1734112886 13324,800000 -1,000000 -101,000000 0,000000 0,000000
192 1734112887 34924,400000 -1,000000 -101,000000 0,000000 0,000000
192 1734112888 34924,400000 -1,000000 -101,000000 0,000000 0,000000
192 1734112889 34924,400000 -1,000000 -101,000000 0,000000 0,000000
192 1734112890 34924,400000 -1,000000 -101,000000 0,000000 0,000000
192 1734112891 34924,400000 -1,000000 -101,000000 0,000000 0,000000
192 1734112892 10320,400000 -1,000000 -101,000000 0,000000 0,000000
192 1734112893 10320,400000 -1,000000 -101,000000 0,000000 0,000000
192 1734112894 10320,400000 -1,000000 -101,000000 0,000000 0,000000
192 1734112895 10320,400000 -1,000000 -101,000000 0,000000 0,000000
192 1734112896 10320,400000 -1,000000 -101,000000 0,000000 0,000000
192 1734112897 11544,600000 -1,000000 -101,000000 0,000000 0,000000
192 1734112898 11544,600000 -1,000000 -101,000000 0,000000 0,000000
192 1734112899 11544,600000 -1,000000 -101,000000 0,000000 0,000000
192 1734112900 11544,600000 -1,000000 -101,000000 0,000000 0,000000
192 1734112901 11544,600000 -1,000000 -101,000000 0,000000 0,000000
192 1734112902 2080,000000 -1,000000 -101,000000 0,000000 0,000000
192 1734112903 2080,000000 -1,000000 -101,000000 0,000000 0,000000
192 1734112904 2080,000000 -1,000000 -101,000000 0,000000 0,000000
192 1734112905 2080,000000 -1,000000 -101,000000 0,000000 0,000000
192 1734112906 2080,000000 -1,000000 -101,000000 0,000000 0,000000
192 1734112907 9449,000000 -1,000000 -101,000000 0,000000 0,000000
192 1734112908 9449,000000 -1,000000 -101,000000 0,000000 0,000000
192 1734112909 9449,000000 -1,000000 -101,000000 0,000000 0,000000
192 1734112910 9449,000000 -1,000000 -101,000000 0,000000 0,000000
192 1734112911 9449,000000 -1,000000 -101,000000 0,000000 0,000000
192 1734112912 13130,800000 -1,000000 -101,000000 0,000000 0,000000
192 1734112913 13130,800000 -1,000000 -101,000000 0,000000 0,000000
192 1734112914 13130,800000 -1,000000 -101,000000 0,000000 0,000000
192 1734112915 13130,800000 -1,000000 -101,000000 0,000000 0,000000
192 1734112916 13130,800000 -1,000000 -101,000000 0,000000 0,000000
192 1734112917 11271,600000 -1,000000 -101,000000 0,000000 0,000000
192 1734112918 11271,600000 -1,000000 -101,000000 0,000000 0,000000
192 1734112919 11271,600000 -1,000000 -101,000000 0,000000 0,000000
192 1734112920 11271,600000 -1,000000 -101,000000 0,000000 0,000000
192 1734112921 11271,600000 -1,000000 -101,000000 0,000000 0,000000
192 1734112922 3457,600000 -1,000000 -101,000000 0,000000 0,000000
192 1734112923 3457,600000 -1,000000 -101,000000 0,000000 0,000000
192 1734112924 3457,600000 -1,000000 -101,000000 0,000000 0,000000
192 1734112925 3457,600000 -1,000000 -101,000000 0,000000 0,000000
192 1734112926 3457,600000 -1,000000 -101,000000 0,000000 0,000000
192 1734112927 1800,600000 -1,000000 -101,000000 0,000000 0,000000
192 1734112928 1800,600000 -1,000000 -101,000000 0,000000 0,000000
192 1734112929 1800,600000 -1,000000 -101,000000 0,000000 0,000000
192 1734112930 1800,600000 -1,000000 -101,000000 0,000000 0,000000
192 1734112931 1800,600000 -1,000000 -101,000000 0,000000 0,000000
192 1734112932 19906,800000 -1,000000 -101,000000 0,000000 0,000000
192 1734112933 19906,800000 -1,000000 -101,000000 0,000000 0,000000
192 1734112934 19906,800000 -1,000000 -101,000000 0,000000 0,000000
192 1734112935 19906,800000 -1,000000 -101,000000 0,000000 0,000000
192 1734112936 19906,800000 -1,000000 -101,000000 0,000000 0,000000
192 1734112937 5977,200000 -1,000000 -101,000000 0,000000 0,000000
192 1734112938 5977,200000 -1,000000 -101,000000 0,000000 0,000000
192 1734112939 5977,200000 -1,000000 -101,000000 0,000000 0,000000
192 1734112940 5977,200000 -1,000000 -101,000000 0,000000 0,000000
192 1734112941 5977,200000 -1,000000 -101,000000 0,000000 0,000000
192 1734112942 8981,200000 -1,000000 -101,000000 0,000000 0,000000
192 1734112943 8981,200000 -1,000000 -101,000000 0,000000 0,000000
192 1734112944 8981,200000 -1,000000 -101,000000 0,000000 0,000000
192 1734112945 8981,200000 -1,000000 -101,000000 0,000000 0,000000
192 1734112946 8981,200000 -1,000000 -101,000000 0,000000 0,000000
192 1734112947 521,800000 -1,000000 -101,000000 0,000000 0,000000
192 1734112948 521,800000 -1,000000 -101,000000 0,000000 0,000000
192 1734112949 521,800000 -1,000000 -101,000000 0,000000 0,000000
192 1734112950 521,800000 -1,000000 -101,000000 0,000000 0,000000
192 1734112951 521,800000 -1,000000 -101,000000 0,000000 0,000000
192 1734112952 30113,600000 -1,000000 -101,000000 0,000000 0,000000
192 1734112953 30113,600000 -1,000000 -101,000000 0,000000 0,000000
192 1734112954 30113,600000 -1,000000 -101,000000 0,000000 0,000000
192 1734112955 30113,600000 -1,000000 -101,000000 0,000000 0,000000
192 1734112956 30113,600000 -1,000000 -101,000000 0,000000 0,000000
192 1734112957 11803,400000 -1,000000 -101,000000 0,000000 0,000000
192 1734112958 11803,400000 -1,000000 -101,000000 0,000000 0,000000
192 1734112959 11803,400000 -1,000000 -101,000000 0,000000 0,000000
192 1734112960 11803,400000 -1,000000 -101,000000 0,000000 0,000000
192 1734112961 11803,400000 -1,000000 -101,000000 0,000000 0,000000
192 1734112962 23279,400000 -1,000000 -101,000000 0,000000 0,000000
192 1734112963 23279,400000 -1,000000 -101,000000 0,000000 0,000000
