190 1734111672 10,800000 -1,000000 -101,000000 0,000000 0,000000
190 1734111673 10,800000 -1,000000 -101,000000 0,000000 0,000000
190 1734111674 10,800000 -1,000000 -101,000000 0,000000 0,000000
190 1734111675 10,800000 -1,000000 -101,000000 0,000000 0,000000
190 1734111676 10,800000 -1,000000 -101,000000 0,000000 0,000000
190 1734111677 1,200000 -1,000000 -101,000000 0,000000 0,000000
190 1734111678 1,200000 -1,000000 -101,000000 0,000000 0,000000
190 1734111679 1,200000 -1,000000 -101,000000 0,000000 0,000000
190 1734111680 1,200000 -1,000000 -101,000000 0,000000 0,000000
190 1734111681 1,200000 -1,000000 -101,000000 0,000000 0,000000
193 1734111672 1,800000 -1,000000 -101,000000 0,000000 0,000000
193 1734111673 1,800000 -1,000000 -101,000000 0,000000 0,000000
193 1734111674 1,800000 -1,000000 -101,000000 0,000000 0,000000
193 1734111675 1,800000 -1,000000 -101,000000 0,000000 0,000000
193 1734111676 1,800000 -1,000000 -101,000000 0,000000 0,000000
193 1734111677 0,200000 -1,000000 -101,000000 0,000000 0,000000
193 1734111678 0,200000 -1,000000 -101,000000 0,000000 0,000000
193 1734111679 0,200000 -1,000000 -101,000000 0,000000 0,000000
193 1734111680 0,200000 -1,000000 -101,000000 0,000000 0,000000
193 1734111681 0,200000 -1,000000 -101,000000 0,000000 0,000000
190 1734111697 0,400000 -1,000000 -101,000000 0,000000 0,000000
190 1734111698 0,400000 -1,000000 -101,000000 0,000000 0,000000
193 1734111697 0,800000 -1,000000 -101,000000 0,000000 0,000000
193 1734111698 0,800000 -1,000000 -101,000000 0,000000 0,000000
190 1734111699 0,400000 -1,000000 -101,000000 0,000000 0,000000
190 1734111700 0,400000 -1,000000 -101,000000 0,000000 0,000000
190 1734111701 0,400000 -1,000000 -101,000000 0,000000 0,000000
190 1734111707 1,200000 -1,000000 -101,000000 0,000000 0,000000
190 1734111708 1,200000 -1,000000 -101,000000 0,000000 0,000000
193 1734111699 0,800000 -1,000000 -101,000000 0,000000 0,000000
193 1734111700 0,800000 -1,000000 -101,000000 0,000000 0,000000
193 1734111701 0,800000 -1,000000 -101,000000 0,000000 0,000000
193 1734111702 0,400000 -1,000000 -101,000000 0,000000 0,000000
193 1734111703 0,400000 -1,000000 -101,000000 0,000000 0,000000
193 1734111704 0,400000 -1,000000 -101,000000 0,000000 0,000000
193 1734111705 0,400000 -1,000000 -101,000000 0,000000 0,000000
193 1734111706 0,400000 -1,000000 -101,000000 0,000000 0,000000
193 1734111707 1,800000 -1,000000 -101,000000 0,000000 0,000000
193 1734111708 1,800000 -1,000000 -101,000000 0,000000 0,000000
190 1734111709 1,200000 -1,000000 -101,000000 0,000000 0,000000
190 1734111710 1,200000 -1,000000 -101,000000 0,000000 0,000000
190 1734111711 1,200000 -1,000000 -101,000000 0,000000 0,000000
193 1734111709 1,800000 -1,000000 -101,000000 0,000000 0,000000
193 1734111710 1,800000 -1,000000 -101,000000 0,000000 0,000000
193 1734111711 1,800000 -1,000000 -101,000000 0,000000 0,000000
190 1734111717 1,200000 -1,000000 -101,000000 0,000000 0,000000
190 1734111718 1,200000 -1,000000 -101,000000 0,000000 0,000000
193 1734111717 1,200000 -1,000000 -101,000000 0,000000 0,000000
193 1734111718 1,200000 -1,000000 -101,000000 0,000000 0,000000
193 1734111719 1,200000 -1,000000 -101,000000 0,000000 0,000000
193 1734111720 1,200000 -1,000000 -101,000000 0,000000 0,000000
193 1734111721 1,200000 -1,000000 -101,000000 0,000000 0,000000
190 1734111719 1,200000 -1,000000 -101,000000 0,000000 0,000000
190 1734111720 1,200000 -1,000000 -101,000000 0,000000 0,000000
190 1734111721 1,200000 -1,000000 -101,000000 0,000000 0,000000
190 1734111742 2,400000 -1,000000 -101,000000 0,000000 0,000000
190 1734111743 2,400000 -1,000000 -101,000000 0,000000 0,000000
190 1734111744 2,400000 -1,000000 -101,000000 0,000000 0,000000
190 1734111745 2,400000 -1,000000 -101,000000 0,000000 0,000000
190 1734111746 2,400000 -1,000000 -101,000000 0,000000 0,000000
190 1734111747 2,400000 -1,000000 -101,000000 0,000000 0,000000
190 1734111748 2,400000 -1,000000 -101,000000 0,000000 0,000000
190 1734111749 2,400000 -1,000000 -101,000000 0,000000 0,000000
190 1734111750 2,400000 -1,000000 -101,000000 0,000000 0,000000
190 1734111751 2,400000 -1,000000 -101,000000 0,000000 0,000000
190 1734111752 3,600000 -1,000000 -101,000000 0,000000 0,000000
190 1734111753 3,600000 -1,000000 -101,000000 0,000000 0,000000
190 1734111754 3,600000 -1,000000 -101,000000 0,000000 0,000000
190 1734111755 3,600000 -1,000000 -101,000000 0,000000 0,000000
190 1734111756 3,600000 -1,000000 -101,000000 0,000000 0,000000
190 1734111757 1,200000 -1,000000 -101,000000 0,000000 0,000000
190 1734111758 1,200000 -1,000000 -101,000000 0,000000 0,000000
193 1734111742 2,200000 -1,000000 -101,000000 0,000000 0,000000
193 1734111743 2,200000 -1,000000 -101,000000 0,000000 0,000000
193 1734111744 2,200000 -1,000000 -101,000000 0,000000 0,000000
193 1734111745 2,200000 -1,000000 -101,000000 0,000000 0,000000
193 1734111746 2,200000 -1,000000 -101,000000 0,000000 0,000000
193 1734111747 2,000000 -1,000000 -101,000000 0,000000 0,000000
193 1734111748 2,000000 -1,000000 -101,000000 0,000000 0,000000
193 1734111749 2,000000 -1,000000 -101,000000 0,000000 0,000000
193 1734111750 2,000000 -1,000000 -101,000000 0,000000 0,000000
193 1734111751 2,000000 -1,000000 -101,000000 0,000000 0,000000
193 1734111752 3,000000 -1,000000 -101,000000 0,000000 0,000000
193 1734111753 3,000000 -1,000000 -101,000000 0,000000 0,000000
193 1734111754 3,000000 -1,000000 -101,000000 0,000000 0,000000
193 1734111755 3,000000 -1,000000 -101,000000 0,000000 0,000000
193 1734111756 3,000000 -1,000000 -101,000000 0,000000 0,000000
193 1734111757 1,000000 -1,000000 -101,000000 0,000000 0,000000
193 1734111758 1,000000 -1,000000 -101,000000 0,000000 0,000000
190 1734111759 1,200000 -1,000000 -101,000000 0,000000 0,000000
190 1734111760 1,200000 -1,000000 -101,000000 0,000000 0,000000
190 1734111761 1,200000 -1,000000 -101,000000 0,000000 0,000000
193 1734111759 1,000000 -1,000000 -101,000000 0,000000 0,000000
193 1734111760 1,000000 -1,000000 -101,000000 0,000000 0,000000
193 1734111761 1,000000 -1,000000 -101,000000 0,000000 0,000000
190 1734111767 1,200000 -1,000000 -101,000000 0,000000 0,000000
190 1734111768 1,200000 -1,000000 -101,000000 0,000000 0,000000
193 1734111767 1,200000 -1,000000 -101,000000 0,000000 0,000000
193 1734111768 1,200000 -1,000000 -101,000000 0,000000 0,000000
190 1734111769 1,200000 -1,000000 -101,000000 0,000000 0,000000
190 1734111770 1,200000 -1,000000 -101,000000 0,000000 0,000000
190 1734111771 1,200000 -1,000000 -101,000000 0,000000 0,000000
190 1734111772 0,400000 -1,000000 -101,000000 0,000000 0,000000
190 1734111773 0,400000 -1,000000 -101,000000 0,000000 0,000000
193 1734111769 1,200000 -1,000000 -101,000000 0,000000 0,000000
193 1734111770 1,200000 -1,000000 -101,000000 0,000000 0,000000
193 1734111771 1,200000 -1,000000 -101,000000 0,000000 0,000000
193 1734111772 0,400000 -1,000000 -101,000000 0,000000 0,000000
193 1734111773 0,400000 -1,000000 -101,000000 0,000000 0,000000
190 1734111774 0,400000 -1,000000 -101,000000 0,000000 0,000000
190 1734111775 0,400000 -1,000000 -101,000000 0,000000 0,000000
190 1734111776 0,400000 -1,000000 -101,000000 0,000000 0,000000
190 1734111777 1,600000 -1,000000 -101,000000 0,000000 0,000000
190 1734111778 1,600000 -1,000000 -101,000000 0,000000 0,000000
193 1734111774 0,400000 -1,000000 -101,000000 0,000000 0,000000
193 1734111775 0,400000 -1,000000 -101,000000 0,000000 0,000000
193 1734111776 0,400000 -1,000000 -101,000000 0,000000 0,000000
193 1734111777 1,800000 -1,000000 -101,000000 0,000000 0,000000
193 1734111778 1,800000 -1,000000 -101,000000 0,000000 0,000000
190 1734111779 1,600000 -1,000000 -101,000000 0,000000 0,000000
190 1734111780 1,600000 -1,000000 -101,000000 0,000000 0,000000
190 1734111781 1,600000 -1,000000 -101,000000 0,000000 0,000000
193 1734111779 1,800000 -1,000000 -101,000000 0,000000 0,000000
193 1734111780 1,800000 -1,000000 -101,000000 0,000000 0,000000
193 1734111781 1,800000 -1,000000 -101,000000 0,000000 0,000000
193 1734111782 0,200000 -1,000000 -101,000000 0,000000 0,000000
193 1734111783 0,200000 -1,000000 -101,000000 0,000000 0,000000
193 1734111784 0,200000 -1,000000 -101,000000 0,000000 0,000000
193 1734111785 0,200000 -1,000000 -101,000000 0,000000 0,000000
193 1734111786 0,200000 -1,000000 -101,000000 0,000000 0,000000
193 1734111787 0,600000 -1,000000 -101,000000 0,000000 0,000000
193 1734111788 0,600000 -1,000000 -101,000000 0,000000 0,000000
193 1734111789 0,600000 -1,000000 -101,000000 0,000000 0,000000
193 1734111790 0,600000 -1,000000 -101,000000 0,000000 0,000000
193 1734111791 0,600000 -1,000000 -101,000000 0,000000 0,000000
190 1734111817 3,600000 -1,000000 -101,000000 0,000000 0,000000
190 1734111818 3,600000 -1,000000 -101,000000 0,000000 0,000000
190 1734111819 3,600000 -1,000000 -101,000000 0,000000 0,000000
190 1734111820 3,600000 -1,000000 -101,000000 0,000000 0,000000
190 1734111821 3,600000 -1,000000 -101,000000 0,000000 0,000000
190 1734111822 3,600000 -1,000000 -101,000000 0,000000 0,000000
190 1734111823 3,600000 -1,000000 -101,000000 0,000000 0,000000
190 1734111824 3,600000 -1,000000 -101,000000 0,000000 0,000000
190 1734111825 3,600000 -1,000000 -101,000000 0,000000 0,000000
190 1734111826 3,600000 -1,000000 -101,000000 0,000000 0,000000
193 1734111817 3,400000 -1,000000 -101,000000 0,000000 0,000000
193 1734111818 3,400000 -1,000000 -101,000000 0,000000 0,000000
193 1734111819 3,400000 -1,000000 -101,000000 0,000000 0,000000
193 1734111820 3,400000 -1,000000 -101,000000 0,000000 0,000000
193 1734111821 3,400000 -1,000000 -101,000000 0,000000 0,000000
193 1734111822 3,600000 -1,000000 -101,000000 0,000000 0,000000
193 1734111823 3,600000 -1,000000 -101,000000 0,000000 0,000000
193 1734111824 3,600000 -1,000000 -101,000000 0,000000 0,000000
193 1734111825 3,600000 -1,000000 -101,000000 0,000000 0,000000
193 1734111826 3,600000 -1,000000 -101,000000 0,000000 0,000000
190 1734111832 3,600000 -1,000000 -101,000000 0,000000 0,000000
190 1734111833 3,600000 -1,000000 -101,000000 0,000000 0,000000
193 1734111832 3,000000 -1,000000 -101,000000 0,000000 0,000000
193 1734111833 3,000000 -1,000000 -101,000000 0,000000 0,000000
190 1734111834 3,600000 -1,000000 -101,000000 0,000000 0,000000
190 1734111835 3,600000 -1,000000 -101,000000 0,000000 0,000000
190 1734111836 3,600000 -1,000000 -101,000000 0,000000 0,000000
190 1734111837 1,200000 -1,000000 -101,000000 0,000000 0,000000
190 1734111838 1,200000 -1,000000 -101,000000 0,000000 0,000000
193 1734111834 3,000000 -1,000000 -101,000000 0,000000 0,000000
193 1734111835 3,000000 -1,000000 -101,000000 0,000000 0,000000
193 1734111836 3,000000 -1,000000 -101,000000 0,000000 0,000000
193 1734111837 1,000000 -1,000000 -101,000000 0,000000 0,000000
193 1734111838 1,000000 -1,000000 -101,000000 0,000000 0,000000
190 1734111839 1,200000 -1,000000 -101,000000 0,000000 0,000000
190 1734111840 1,200000 -1,000000 -101,000000 0,000000 0,000000
190 1734111841 1,200000 -1,000000 -101,000000 0,000000 0,000000
193 1734111839 1,000000 -1,000000 -101,000000 0,000000 0,000000
193 1734111840 1,000000 -1,000000 -101,000000 0,000000 0,000000
193 1734111841 1,000000 -1,000000 -101,000000 0,000000 0,000000
190 1734111847 0,200000 -1,000000 -101,000000 0,000000 0,000000
190 1734111848 0,200000 -1,000000 -101,000000 0,000000 0,000000
190 1734111849 0,200000 -1,000000 -101,000000 0,000000 0,000000
190 1734111850 0,200000 -1,000000 -101,000000 0,000000 0,000000
190 1734111851 0,200000 -1,000000 -101,000000 0,000000 0,000000
190 1734111852 1,600000 -1,000000 -101,000000 0,000000 0,000000
190 1734111853 1,600000 -1,000000 -101,000000 0,000000 0,000000
193 1734111847 0,400000 -1,000000 -101,000000 0,000000 0,000000
193 1734111848 0,400000 -1,000000 -101,000000 0,000000 0,000000
193 1734111849 0,400000 -1,000000 -101,000000 0,000000 0,000000
193 1734111850 0,400000 -1,000000 -101,000000 0,000000 0,000000
193 1734111851 0,400000 -1,000000 -101,000000 0,000000 0,000000
193 1734111852 1,800000 -1,000000 -101,000000 0,000000 0,000000
193 1734111853 1,800000 -1,000000 -101,000000 0,000000 0,000000
190 1734111854 1,600000 -1,000000 -101,000000 0,000000 0,000000
190 1734111855 1,600000 -1,000000 -101,000000 0,000000 0,000000
190 1734111856 1,600000 -1,000000 -101,000000 0,000000 0,000000
193 1734111854 1,800000 -1,000000 -101,000000 0,000000 0,000000
193 1734111855 1,800000 -1,000000 -101,000000 0,000000 0,000000
193 1734111856 1,800000 -1,000000 -101,000000 0,000000 0,000000
190 1734111862 1,200000 -1,000000 -101,000000 0,000000 0,000000
190 1734111863 1,200000 -1,000000 -101,000000 0,000000 0,000000
193 1734111862 1,400000 -1,000000 -101,000000 0,000000 0,000000
193 1734111863 1,400000 -1,000000 -101,000000 0,000000 0,000000
190 1734111864 1,200000 -1,000000 -101,000000 0,000000 0,000000
190 1734111865 1,200000 -1,000000 -101,000000 0,000000 0,000000
190 1734111866 1,200000 -1,000000 -101,000000 0,000000 0,000000
193 1734111864 1,400000 -1,000000 -101,000000 0,000000 0,000000
193 1734111865 1,400000 -1,000000 -101,000000 0,000000 0,000000
193 1734111866 1,400000 -1,000000 -101,000000 0,000000 0,000000
193 1734111867 0,600000 -1,000000 -101,000000 0,000000 0,000000
193 1734111868 0,600000 -1,000000 -101,000000 0,000000 0,000000
193 1734111869 0,600000 -1,000000 -101,000000 0,000000 0,000000
193 1734111870 0,600000 -1,000000 -101,000000 0,000000 0,000000
193 1734111871 0,600000 -1,000000 -101,000000 0,000000 0,000000
193 1734111887 2,200000 -1,000000 -101,000000 0,000000 0,000000
193 1734111888 2,200000 -1,000000 -101,000000 0,000000 0,000000
190 1734111887 2,400000 -1,000000 -101,000000 0,000000 0,000000
190 1734111888 2,400000 -1,000000 -101,000000 0,000000 0,000000
190 1734111889 2,400000 -1,000000 -101,000000 0,000000 0,000000
190 1734111890 2,400000 -1,000000 -101,000000 0,000000 0,000000
190 1734111891 2,400000 -1,000000 -101,000000 0,000000 0,000000
190 1734111897 1,200000 -1,000000 -101,000000 0,000000 0,000000
190 1734111898 1,200000 -1,000000 -101,000000 0,000000 0,000000
193 1734111889 2,200000 -1,000000 -101,000000 0,000000 0,000000
193 1734111890 2,200000 -1,000000 -101,000000 0,000000 0,000000
193 1734111891 2,200000 -1,000000 -101,000000 0,000000 0,000000
193 1734111897 1,000000 -1,000000 -101,000000 0,000000 0,000000
193 1734111898 1,000000 -1,000000 -101,000000 0,000000 0,000000
190 1734111899 1,200000 -1,000000 -101,000000 0,000000 0,000000
190 1734111900 1,200000 -1,000000 -101,000000 0,000000 0,000000
190 1734111901 1,200000 -1,000000 -101,000000 0,000000 0,000000
190 1734111902 1,200000 -1,000000 -101,000000 0,000000 0,000000
190 1734111903 1,200000 -1,000000 -101,000000 0,000000 0,000000
193 1734111899 1,000000 -1,000000 -101,000000 0,000000 0,000000
193 1734111900 1,000000 -1,000000 -101,000000 0,000000 0,000000
193 1734111901 1,000000 -1,000000 -101,000000 0,000000 0,000000
193 1734111902 1,200000 -1,000000 -101,000000 0,000000 0,000000
193 1734111903 1,200000 -1,000000 -101,000000 0,000000 0,000000
190 1734111904 1,200000 -1,000000 -101,000000 0,000000 0,000000
190 1734111905 1,200000 -1,000000 -101,000000 0,000000 0,000000
190 1734111906 1,200000 -1,000000 -101,000000 0,000000 0,000000
190 1734111912 4,800000 -1,000000 -101,000000 0,000000 0,000000
190 1734111913 4,800000 -1,000000 -101,000000 0,000000 0,000000
193 1734111904 1,200000 -1,000000 -101,000000 0,000000 0,000000
193 1734111905 1,200000 -1,000000 -101,000000 0,000000 0,000000
193 1734111906 1,200000 -1,000000 -101,000000 0,000000 0,000000
193 1734111912 4,200000 -1,000000 -101,000000 0,000000 0,000000
193 1734111913 4,200000 -1,000000 -101,000000 0,000000 0,000000
190 1734111914 4,800000 -1,000000 -101,000000 0,000000 0,000000
190 1734111915 4,800000 -1,000000 -101,000000 0,000000 0,000000
190 1734111916 4,800000 -1,000000 -101,000000 0,000000 0,000000
190 1734111917 1,200000 -1,000000 -101,000000 0,000000 0,000000
190 1734111918 1,200000 -1,000000 -101,000000 0,000000 0,000000
193 1734111914 4,200000 -1,000000 -101,000000 0,000000 0,000000
193 1734111915 4,200000 -1,000000 -101,000000 0,000000 0,000000
193 1734111916 4,200000 -1,000000 -101,000000 0,000000 0,000000
193 1734111917 1,000000 -1,000000 -101,000000 0,000000 0,000000
193 1734111918 1,000000 -1,000000 -101,000000 0,000000 0,000000
190 1734111919 1,200000 -1,000000 -101,000000 0,000000 0,000000
190 1734111920 1,200000 -1,000000 -101,000000 0,000000 0,000000
190 1734111921 1,200000 -1,000000 -101,000000 0,000000 0,000000
190 1734111922 1,200000 -1,000000 -101,000000 0,000000 0,000000
190 1734111923 1,200000 -1,000000 -101,000000 0,000000 0,000000
190 1734111924 1,200000 -1,000000 -101,000000 0,000000 0,000000
190 1734111925 1,200000 -1,000000 -101,000000 0,000000 0,000000
190 1734111926 1,200000 -1,000000 -101,000000 0,000000 0,000000
190 1734111927 0,600000 -1,000000 -101,000000 0,000000 0,000000
190 1734111928 0,600000 -1,000000 -101,000000 0,000000 0,000000
190 1734111929 0,600000 -1,000000 -101,000000 0,000000 0,000000
190 1734111930 0,600000 -1,000000 -101,000000 0,000000 0,000000
190 1734111931 0,600000 -1,000000 -101,000000 0,000000 0,000000
193 1734111919 1,000000 -1,000000 -101,000000 0,000000 0,000000
193 1734111920 1,000000 -1,000000 -101,000000 0,000000 0,000000
193 1734111921 1,000000 -1,000000 -101,000000 0,000000 0,000000
193 1734111922 1,400000 -1,000000 -101,000000 0,000000 0,000000
193 1734111923 1,400000 -1,000000 -101,000000 0,000000 0,000000
193 1734111924 1,400000 -1,000000 -101,000000 0,000000 0,000000
193 1734111925 1,400000 -1,000000 -101,000000 0,000000 0,000000
193 1734111926 1,400000 -1,000000 -101,000000 0,000000 0,000000
193 1734111927 0,800000 -1,000000 -101,000000 0,000000 0,000000
193 1734111928 0,800000 -1,000000 -101,000000 0,000000 0,000000
193 1734111929 0,800000 -1,000000 -101,000000 0,000000 0,000000
193 1734111930 0,800000 -1,000000 -101,000000 0,000000 0,000000
193 1734111931 0,800000 -1,000000 -101,000000 0,000000 0,000000
193 1734111942 0,200000 -1,000000 -101,000000 0,000000 0,000000
193 1734111943 0,200000 -1,000000 -101,000000 0,000000 0,000000
193 1734111944 0,200000 -1,000000 -101,000000 0,000000 0,000000
193 1734111945 0,200000 -1,000000 -101,000000 0,000000 0,000000
193 1734111946 0,200000 -1,000000 -101,000000 0,000000 0,000000
193 1734111947 0,600000 -1,000000 -101,000000 0,000000 0,000000
193 1734111948 0,600000 -1,000000 -101,000000 0,000000 0,000000
193 1734111949 0,600000 -1,000000 -101,000000 0,000000 0,000000
193 1734111950 0,600000 -1,000000 -101,000000 0,000000 0,000000
193 1734111951 0,600000 -1,000000 -101,000000 0,000000 0,000000
193 1734111957 2,400000 -1,000000 -101,000000 0,000000 0,000000
193 1734111958 2,400000 -1,000000 -101,000000 0,000000 0,000000
193 1734111959 2,400000 -1,000000 -101,000000 0,000000 0,000000
193 1734111960 2,400000 -1,000000 -101,000000 0,000000 0,000000
193 1734111961 2,400000 -1,000000 -101,000000 0,000000 0,000000
193 1734111962 1,000000 -1,000000 -101,000000 0,000000 0,000000
193 1734111963 1,000000 -1,000000 -101,000000 0,000000 0,000000
193 1734111964 1,000000 -1,000000 -101,000000 0,000000 0,000000
193 1734111965 1,000000 -1,000000 -101,000000 0,000000 0,000000
193 1734111966 1,000000 -1,000000 -101,000000 0,000000 0,000000
190 1734111957 2,400000 -1,000000 -101,000000 0,000000 0,000000
190 1734111958 2,400000 -1,000000 -101,000000 0,000000 0,000000
190 1734111959 2,400000 -1,000000 -101,000000 0,000000 0,000000
190 1734111960 2,400000 -1,000000 -101,000000 0,000000 0,000000
190 1734111961 2,400000 -1,000000 -101,000000 0,000000 0,000000
190 1734111962 1,200000 -1,000000 -101,000000 0,000000 0,000000
190 1734111963 1,200000 -1,000000 -101,000000 0,000000 0,000000
190 1734111964 1,200000 -1,000000 -101,000000 0,000000 0,000000
190 1734111965 1,200000 -1,000000 -101,000000 0,000000 0,000000
190 1734111966 1,200000 -1,000000 -101,000000 0,000000 0,000000
190 1734111972 1,200000 -1,000000 -101,000000 0,000000 0,000000
190 1734111973 1,200000 -1,000000 -101,000000 0,000000 0,000000
190 1734111974 1,200000 -1,000000 -101,000000 0,000000 0,000000
193 1734111972 1,200000 -1,000000 -101,000000 0,000000 0,000000
193 1734111973 1,200000 -1,000000 -101,000000 0,000000 0,000000
193 1734111974 1,200000 -1,000000 -101,000000 0,000000 0,000000
190 1734111975 1,200000 -1,000000 -101,000000 0,000000 0,000000
190 1734111976 1,200000 -1,000000 -101,000000 0,000000 0,000000
190 1734111977 2,400000 -1,000000 -101,000000 0,000000 0,000000
190 1734111978 2,400000 -1,000000 -101,000000 0,000000 0,000000
190 1734111979 2,400000 -1,000000 -101,000000 0,000000 0,000000
193 1734111975 1,200000 -1,000000 -101,000000 0,000000 0,000000
193 1734111976 1,200000 -1,000000 -101,000000 0,000000 0,000000
193 1734111977 2,200000 -1,000000 -101,000000 0,000000 0,000000
193 1734111978 2,200000 -1,000000 -101,000000 0,000000 0,000000
193 1734111979 2,200000 -1,000000 -101,000000 0,000000 0,000000
190 1734111980 2,400000 -1,000000 -101,000000 0,000000 0,000000
190 1734111981 2,400000 -1,000000 -101,000000 0,000000 0,000000
190 1734111992 3,600000 -1,000000 -101,000000 0,000000 0,000000
190 1734111993 3,600000 -1,000000 -101,000000 0,000000 0,000000
190 1734111994 3,600000 -1,000000 -101,000000 0,000000 0,000000
193 1734111980 2,200000 -1,000000 -101,000000 0,000000 0,000000
193 1734111981 2,200000 -1,000000 -101,000000 0,000000 0,000000
193 1734111992 3,000000 -1,000000 -101,000000 0,000000 0,000000
193 1734111993 3,000000 -1,000000 -101,000000 0,000000 0,000000
193 1734111994 3,000000 -1,000000 -101,000000 0,000000 0,000000
190 1734111995 3,600000 -1,000000 -101,000000 0,000000 0,000000
190 1734111996 3,600000 -1,000000 -101,000000 0,000000 0,000000
190 1734111997 2,400000 -1,000000 -101,000000 0,000000 0,000000
190 1734111998 2,400000 -1,000000 -101,000000 0,000000 0,000000
190 1734111999 2,400000 -1,000000 -101,000000 0,000000 0,000000
193 1734111995 3,000000 -1,000000 -101,000000 0,000000 0,000000
193 1734111996 3,000000 -1,000000 -101,000000 0,000000 0,000000
193 1734111997 2,400000 -1,000000 -101,000000 0,000000 0,000000
193 1734111998 2,400000 -1,000000 -101,000000 0,000000 0,000000
193 1734111999 2,400000 -1,000000 -101,000000 0,000000 0,000000
190 1734112000 2,400000 -1,000000 -101,000000 0,000000 0,000000
190 1734112001 2,400000 -1,000000 -101,000000 0,000000 0,000000
190 1734112002 0,600000 -1,000000 -101,000000 0,000000 0,000000
190 1734112003 0,600000 -1,000000 -101,000000 0,000000 0,000000
190 1734112004 0,600000 -1,000000 -101,000000 0,000000 0,000000
190 1734112005 0,600000 -1,000000 -101,000000 0,000000 0,000000
190 1734112006 0,600000 -1,000000 -101,000000 0,000000 0,000000
190 1734112007 1,200000 -1,000000 -101,000000 0,000000 0,000000
190 1734112008 1,200000 -1,000000 -101,000000 0,000000 0,000000
190 1734112009 1,200000 -1,000000 -101,000000 0,000000 0,000000
193 1734112000 2,400000 -1,000000 -101,000000 0,000000 0,000000
193 1734112001 2,400000 -1,000000 -101,000000 0,000000 0,000000
193 1734112002 0,800000 -1,000000 -101,000000 0,000000 0,000000
193 1734112003 0,800000 -1,000000 -101,000000 0,000000 0,000000
193 1734112004 0,800000 -1,000000 -101,000000 0,000000 0,000000
193 1734112005 0,800000 -1,000000 -101,000000 0,000000 0,000000
193 1734112006 0,800000 -1,000000 -101,000000 0,000000 0,000000
193 1734112007 1,200000 -1,000000 -101,000000 0,000000 0,000000
193 1734112008 1,200000 -1,000000 -101,000000 0,000000 0,000000
193 1734112009 1,200000 -1,000000 -101,000000 0,000000 0,000000
190 1734112010 1,200000 -1,000000 -101,000000 0,000000 0,000000
190 1734112011 1,200000 -1,000000 -101,000000 0,000000 0,000000
193 1734112010 1,200000 -1,000000 -101,000000 0,000000 0,000000
193 1734112011 1,200000 -1,000000 -101,000000 0,000000 0,000000
190 1734112032 1,200000 -1,000000 -101,000000 0,000000 0,000000
190 1734112033 1,200000 -1,000000 -101,000000 0,000000 0,000000
190 1734112034 1,200000 -1,000000 -101,000000 0,000000 0,000000
190 1734112035 1,200000 -1,000000 -101,000000 0,000000 0,000000
190 1734112036 1,200000 -1,000000 -101,000000 0,000000 0,000000
190 1734112037 1,200000 -1,000000 -101,000000 0,000000 0,000000
190 1734112038 1,200000 -1,000000 -101,000000 0,000000 0,000000
190 1734112039 1,200000 -1,000000 -101,000000 0,000000 0,000000
190 1734112040 1,200000 -1,000000 -101,000000 0,000000 0,000000
190 1734112041 1,200000 -1,000000 -101,000000 0,000000 0,000000
193 1734112022 0,200000 -1,000000 -101,000000 0,000000 0,000000
193 1734112023 0,200000 -1,000000 -101,000000 0,000000 0,000000
193 1734112024 0,200000 -1,000000 -101,000000 0,000000 0,000000
193 1734112025 0,200000 -1,000000 -101,000000 0,000000 0,000000
193 1734112026 0,200000 -1,000000 -101,000000 0,000000 0,000000
193 1734112027 0,600000 -1,000000 -101,000000 0,000000 0,000000
193 1734112028 0,600000 -1,000000 -101,000000 0,000000 0,000000
193 1734112029 0,600000 -1,000000 -101,000000 0,000000 0,000000
193 1734112030 0,600000 -1,000000 -101,000000 0,000000 0,000000
193 1734112031 0,600000 -1,000000 -101,000000 0,000000 0,000000
193 1734112032 1,200000 -1,000000 -101,000000 0,000000 0,000000
193 1734112033 1,200000 -1,000000 -101,000000 0,000000 0,000000
193 1734112034 1,200000 -1,000000 -101,000000 0,000000 0,000000
193 1734112035 1,200000 -1,000000 -101,000000 0,000000 0,000000
193 1734112036 1,200000 -1,000000 -101,000000 0,000000 0,000000
193 1734112037 1,000000 -1,000000 -101,000000 0,000000 0,000000
193 1734112038 1,000000 -1,000000 -101,000000 0,000000 0,000000
193 1734112039 1,000000 -1,000000 -101,000000 0,000000 0,000000
193 1734112040 1,000000 -1,000000 -101,000000 0,000000 0,000000
193 1734112041 1,000000 -1,000000 -101,000000 0,000000 0,000000
190 1734112052 2,400000 -1,000000 -101,000000 0,000000 0,000000
190 1734112053 2,400000 -1,000000 -101,000000 0,000000 0,000000
190 1734112054 2,400000 -1,000000 -101,000000 0,000000 0,000000
190 1734112055 2,400000 -1,000000 -101,000000 0,000000 0,000000
190 1734112056 2,400000 -1,000000 -101,000000 0,000000 0,000000
190 1734112057 1,200000 -1,000000 -101,000000 0,000000 0,000000
190 1734112058 1,200000 -1,000000 -101,000000 0,000000 0,000000
190 1734112059 1,200000 -1,000000 -101,000000 0,000000 0,000000
190 1734112060 1,200000 -1,000000 -101,000000 0,000000 0,000000
190 1734112061 1,200000 -1,000000 -101,000000 0,000000 0,000000
190 1734112067 1,200000 -1,000000 -101,000000 0,000000 0,000000
190 1734112068 1,200000 -1,000000 -101,000000 0,000000 0,000000
190 1734112069 1,200000 -1,000000 -101,000000 0,000000 0,000000
193 1734112052 2,200000 -1,000000 -101,000000 0,000000 0,000000
193 1734112053 2,200000 -1,000000 -101,000000 0,000000 0,000000
193 1734112054 2,200000 -1,000000 -101,000000 0,000000 0,000000
193 1734112055 2,200000 -1,000000 -101,000000 0,000000 0,000000
193 1734112056 2,200000 -1,000000 -101,000000 0,000000 0,000000
193 1734112057 1,200000 -1,000000 -101,000000 0,000000 0,000000
193 1734112058 1,200000 -1,000000 -101,000000 0,000000 0,000000
193 1734112059 1,200000 -1,000000 -101,000000 0,000000 0,000000
193 1734112060 1,200000 -1,000000 -101,000000 0,000000 0,000000
193 1734112061 1,200000 -1,000000 -101,000000 0,000000 0,000000
193 1734112067 1,400000 -1,000000 -101,000000 0,000000 0,000000
193 1734112068 1,400000 -1,000000 -101,000000 0,000000 0,000000
193 1734112069 1,400000 -1,000000 -101,000000 0,000000 0,000000
190 1734112070 1,200000 -1,000000 -101,000000 0,000000 0,000000
190 1734112071 1,200000 -1,000000 -101,000000 0,000000 0,000000
190 1734112072 3,600000 -1,000000 -101,000000 0,000000 0,000000
190 1734112073 3,600000 -1,000000 -101,000000 0,000000 0,000000
190 1734112074 3,600000 -1,000000 -101,000000 0,000000 0,000000
190 1734112075 3,600000 -1,000000 -101,000000 0,000000 0,000000
190 1734112076 3,600000 -1,000000 -101,000000 0,000000 0,000000
190 1734112077 1,600000 -1,000000 -101,000000 0,000000 0,000000
190 1734112078 1,600000 -1,000000 -101,000000 0,000000 0,000000
190 1734112079 1,600000 -1,000000 -101,000000 0,000000 0,000000
193 1734112070 1,400000 -1,000000 -101,000000 0,000000 0,000000
193 1734112071 1,400000 -1,000000 -101,000000 0,000000 0,000000
193 1734112072 3,000000 -1,000000 -101,000000 0,000000 0,000000
193 1734112073 3,000000 -1,000000 -101,000000 0,000000 0,000000
193 1734112074 3,000000 -1,000000 -101,000000 0,000000 0,000000
193 1734112075 3,000000 -1,000000 -101,000000 0,000000 0,000000
193 1734112076 3,000000 -1,000000 -101,000000 0,000000 0,000000
193 1734112077 1,800000 -1,000000 -101,000000 0,000000 0,000000
193 1734112078 1,800000 -1,000000 -101,000000 0,000000 0,000000
193 1734112079 1,800000 -1,000000 -101,000000 0,000000 0,000000
193 1734112080 1,800000 -1,000000 -101,000000 0,000000 0,000000
193 1734112081 1,800000 -1,000000 -101,000000 0,000000 0,000000
190 1734112080 1,600000 -1,000000 -101,000000 0,000000 0,000000
190 1734112081 1,600000 -1,000000 -101,000000 0,000000 0,000000
190 1734112102 2,400000 -1,000000 -101,000000 0,000000 0,000000
190 1734112103 2,400000 -1,000000 -101,000000 0,000000 0,000000
190 1734112104 2,400000 -1,000000 -101,000000 0,000000 0,000000
190 1734112105 2,400000 -1,000000 -101,000000 0,000000 0,000000
190 1734112106 2,400000 -1,000000 -101,000000 0,000000 0,000000
190 1734112107 1,200000 -1,000000 -101,000000 0,000000 0,000000
190 1734112108 1,200000 -1,000000 -101,000000 0,000000 0,000000
190 1734112109 1,200000 -1,000000 -101,000000 0,000000 0,000000
190 1734112110 1,200000 -1,000000 -101,000000 0,000000 0,000000
190 1734112111 1,200000 -1,000000 -101,000000 0,000000 0,000000
193 1734112102 2,600000 -1,000000 -101,000000 0,000000 0,000000
193 1734112103 2,600000 -1,000000 -101,000000 0,000000 0,000000
193 1734112104 2,600000 -1,000000 -101,000000 0,000000 0,000000
193 1734112105 2,600000 -1,000000 -101,000000 0,000000 0,000000
193 1734112106 2,600000 -1,000000 -101,000000 0,000000 0,000000
193 1734112107 1,600000 -1,000000 -101,000000 0,000000 0,000000
193 1734112108 1,600000 -1,000000 -101,000000 0,000000 0,000000
193 1734112109 1,600000 -1,000000 -101,000000 0,000000 0,000000
193 1734112110 1,600000 -1,000000 -101,000000 0,000000 0,000000
193 1734112111 1,600000 -1,000000 -101,000000 0,000000 0,000000
193 1734112127 3,200000 -1,000000 -101,000000 0,000000 0,000000
193 1734112128 3,200000 -1,000000 -101,000000 0,000000 0,000000
193 1734112129 3,200000 -1,000000 -101,000000 0,000000 0,000000
190 1734112127 3,600000 -1,000000 -101,000000 0,000000 0,000000
190 1734112128 3,600000 -1,000000 -101,000000 0,000000 0,000000
190 1734112129 3,600000 -1,000000 -101,000000 0,000000 0,000000
190 1734112130 3,600000 -1,000000 -101,000000 0,000000 0,000000
190 1734112131 3,600000 -1,000000 -101,000000 0,000000 0,000000
190 1734112137 1,200000 -1,000000 -101,000000 0,000000 0,000000
190 1734112138 1,200000 -1,000000 -101,000000 0,000000 0,000000
190 1734112139 1,200000 -1,000000 -101,000000 0,000000 0,000000
193 1734112130 3,200000 -1,000000 -101,000000 0,000000 0,000000
193 1734112131 3,200000 -1,000000 -101,000000 0,000000 0,000000
193 1734112137 1,200000 -1,000000 -101,000000 0,000000 0,000000
193 1734112138 1,200000 -1,000000 -101,000000 0,000000 0,000000
193 1734112139 1,200000 -1,000000 -101,000000 0,000000 0,000000
190 1734112140 1,200000 -1,000000 -101,000000 0,000000 0,000000
190 1734112141 1,200000 -1,000000 -101,000000 0,000000 0,000000
193 1734112140 1,200000 -1,000000 -101,000000 0,000000 0,000000
193 1734112141 1,200000 -1,000000 -101,000000 0,000000 0,000000
193 1734112142 0,200000 -1,000000 -101,000000 0,000000 0,000000
193 1734112143 0,200000 -1,000000 -101,000000 0,000000 0,000000
193 1734112144 0,200000 -1,000000 -101,000000 0,000000 0,000000
190 1734112152 5,200000 -1,000000 -101,000000 0,000000 0,000000
190 1734112153 5,200000 -1,000000 -101,000000 0,000000 0,000000
190 1734112154 5,200000 -1,000000 -101,000000 0,000000 0,000000
193 1734112145 0,200000 -1,000000 -101,000000 0,000000 0,000000
193 1734112146 0,200000 -1,000000 -101,000000 0,000000 0,000000
193 1734112152 4,600000 -1,000000 -101,000000 0,000000 0,000000
193 1734112153 4,600000 -1,000000 -101,000000 0,000000 0,000000
193 1734112154 4,600000 -1,000000 -101,000000 0,000000 0,000000
193 1734112155 4,600000 -1,000000 -101,000000 0,000000 0,000000
193 1734112156 4,600000 -1,000000 -101,000000 0,000000 0,000000
193 1734112157 1,400000 -1,000000 -101,000000 0,000000 0,000000
193 1734112158 1,400000 -1,000000 -101,000000 0,000000 0,000000
193 1734112159 1,400000 -1,000000 -101,000000 0,000000 0,000000
190 1734112155 5,200000 -1,000000 -101,000000 0,000000 0,000000
190 1734112156 5,200000 -1,000000 -101,000000 0,000000 0,000000
190 1734112157 1,600000 -1,000000 -101,000000 0,000000 0,000000
190 1734112158 1,600000 -1,000000 -101,000000 0,000000 0,000000
190 1734112159 1,600000 -1,000000 -101,000000 0,000000 0,000000
190 1734112160 1,600000 -1,000000 -101,000000 0,000000 0,000000
190 1734112161 1,600000 -1,000000 -101,000000 0,000000 0,000000
193 1734112160 1,400000 -1,000000 -101,000000 0,000000 0,000000
193 1734112161 1,400000 -1,000000 -101,000000 0,000000 0,000000
190 1734112177 1,200000 -1,000000 -101,000000 0,000000 0,000000
190 1734112178 1,200000 -1,000000 -101,000000 0,000000 0,000000
190 1734112179 1,200000 -1,000000 -101,000000 0,000000 0,000000
193 1734112177 1,400000 -1,000000 -101,000000 0,000000 0,000000
193 1734112178 1,400000 -1,000000 -101,000000 0,000000 0,000000
193 1734112179 1,400000 -1,000000 -101,000000 0,000000 0,000000
190 1734112180 1,200000 -1,000000 -101,000000 0,000000 0,000000
190 1734112181 1,200000 -1,000000 -101,000000 0,000000 0,000000
190 1734112182 1,200000 -1,000000 -101,000000 0,000000 0,000000
190 1734112183 1,200000 -1,000000 -101,000000 0,000000 0,000000
190 1734112184 1,200000 -1,000000 -101,000000 0,000000 0,000000
190 1734112185 1,200000 -1,000000 -101,000000 0,000000 0,000000
190 1734112186 1,200000 -1,000000 -101,000000 0,000000 0,000000
193 1734112180 1,400000 -1,000000 -101,000000 0,000000 0,000000
193 1734112181 1,400000 -1,000000 -101,000000 0,000000 0,000000
193 1734112182 1,200000 -1,000000 -101,000000 0,000000 0,000000
193 1734112183 1,200000 -1,000000 -101,000000 0,000000 0,000000
193 1734112184 1,200000 -1,000000 -101,000000 0,000000 0,000000
193 1734112185 1,200000 -1,000000 -101,000000 0,000000 0,000000
193 1734112186 1,200000 -1,000000 -101,000000 0,000000 0,000000
193 1734112187 0,600000 -1,000000 -101,000000 0,000000 0,000000
193 1734112188 0,600000 -1,000000 -101,000000 0,000000 0,000000
193 1734112189 0,600000 -1,000000 -101,000000 0,000000 0,000000
193 1734112190 0,600000 -1,000000 -101,000000 0,000000 0,000000
193 1734112191 0,600000 -1,000000 -101,000000 0,000000 0,000000
193 1734112256 1,000000 -1,000000 1,000000 1,000000 0,000000
193 1734112255 1,000000 -1,000000 1,000000 1,000000 0,000000
193 1734112254 1,000000 -1,000000 1,000000 1,000000 0,000000
193 1734112253 1,000000 -1,000000 1,000000 1,000000 0,000000
193 1734112252 1,000000 -1,000000 1,000000 1,000000 0,000000
193 1734112251 2,400000 -1,000000 2,400000 2,400000 0,000000
193 1734112250 2,400000 -1,000000 2,400000 2,400000 0,000000
193 1734112249 2,400000 -1,000000 2,400000 2,400000 0,000000
193 1734112248 2,400000 -1,000000 2,400000 2,400000 0,000000
193 1734112247 2,400000 -1,000000 2,400000 2,400000 0,000000
193 1734112241 1,000000 -1,000000 1,000000 1,000000 0,000000
193 1734112240 1,000000 -1,000000 1,000000 1,000000 0,000000
193 1734112239 1,000000 -1,000000 1,000000 1,000000 0,000000
193 1734112238 1,000000 -1,000000 1,000000 1,000000 0,000000
193 1734112237 1,000000 -1,000000 1,000000 1,000000 0,000000
193 1734112236 3,800000 -1,000000 3,800000 3,800000 0,000000
193 1734112235 3,800000 -1,000000 3,800000 3,800000 0,000000
193 1734112234 3,800000 -1,000000 3,800000 3,800000 0,000000
193 1734112233 3,800000 -1,000000 3,800000 3,800000 0,000000
193 1734112232 3,800000 -1,000000 3,800000 3,800000 0,000000
193 1734112221 0,200000 -1,000000 0,200000 0,200000 0,000000
193 1734112220 0,200000 -1,000000 0,200000 0,200000 0,000000
193 1734112219 0,200000 -1,000000 0,200000 0,200000 0,000000
193 1734112218 0,200000 -1,000000 0,200000 0,200000 0,000000
193 1734112217 0,200000 -1,000000 0,200000 0,200000 0,000000
193 1734112216 1,200000 -1,000000 1,200000 1,200000 0,000000
193 1734112215 1,200000 -1,000000 1,200000 1,200000 0,000000
193 1734112214 1,200000 -1,000000 1,200000 1,200000 0,000000
193 1734112213 1,200000 -1,000000 1,200000 1,200000 0,000000
193 1734112212 1,200000 -1,000000 1,200000 1,200000 0,000000
193 1734112206 2,200000 -1,000000 2,200000 2,200000 0,000000
193 1734112205 2,200000 -1,000000 2,200000 2,200000 0,000000
193 1734112204 2,200000 -1,000000 2,200000 2,200000 0,000000
193 1734112203 2,200000 -1,000000 2,200000 2,200000 0,000000
193 1734112202 2,200000 -1,000000 2,200000 2,200000 0,000000
193 1734112201 1,200000 -1,000000 1,200000 1,200000 0,000000
193 1734112200 1,200000 -1,000000 1,200000 1,200000 0,000000
193 1734112199 1,200000 -1,000000 1,200000 1,200000 0,000000
193 1734112198 1,200000 -1,000000 1,200000 1,200000 0,000000
193 1734112197 1,200000 -1,000000 1,200000 1,200000 0,000000
190 1734112256 1,200000 -1,000000 1,200000 1,200000 0,000000
190 1734112255 1,200000 -1,000000 1,200000 1,200000 0,000000
190 1734112254 1,200000 -1,000000 1,200000 1,200000 0,000000
190 1734112253 1,200000 -1,000000 1,200000 1,200000 0,000000
190 1734112252 1,200000 -1,000000 1,200000 1,200000 0,000000
190 1734112251 2,400000 -1,000000 2,400000 2,400000 0,000000
190 1734112250 2,400000 -1,000000 2,400000 2,400000 0,000000
190 1734112249 2,400000 -1,000000 2,400000 2,400000 0,000000
190 1734112248 2,400000 -1,000000 2,400000 2,400000 0,000000
190 1734112247 2,400000 -1,000000 2,400000 2,400000 0,000000
190 1734112241 1,200000 -1,000000 1,200000 1,200000 0,000000
190 1734112240 1,200000 -1,000000 1,200000 1,200000 0,000000
190 1734112239 1,200000 -1,000000 1,200000 1,200000 0,000000
190 1734112238 1,200000 -1,000000 1,200000 1,200000 0,000000
190 1734112237 1,200000 -1,000000 1,200000 1,200000 0,000000
190 1734112236 4,200000 -1,000000 4,200000 4,200000 0,000000
190 1734112235 4,200000 -1,000000 4,200000 4,200000 0,000000
190 1734112234 4,200000 -1,000000 4,200000 4,200000 0,000000
190 1734112233 4,200000 -1,000000 4,200000 4,200000 0,000000
190 1734112232 4,200000 -1,000000 4,200000 4,200000 0,000000
190 1734112216 1,200000 -1,000000 1,200000 1,200000 0,000000
190 1734112215 1,200000 -1,000000 1,200000 1,200000 0,000000
190 1734112214 1,200000 -1,000000 1,200000 1,200000 0,000000
190 1734112213 1,200000 -1,000000 1,200000 1,200000 0,000000
190 1734112212 1,200000 -1,000000 1,200000 1,200000 0,000000
190 1734112206 2,400000 -1,000000 2,400000 2,400000 0,000000
190 1734112205 2,400000 -1,000000 2,400000 2,400000 0,000000
190 1734112204 2,400000 -1,000000 2,400000 2,400000 0,000000
190 1734112203 2,400000 -1,000000 2,400000 2,400000 0,000000
190 1734112202 2,400000 -1,000000 2,400000 2,400000 0,000000
190 1734112201 1,200000 -1,000000 1,200000 1,200000 0,000000
190 1734112200 1,200000 -1,000000 1,200000 1,200000 0,000000
190 1734112199 1,200000 -1,000000 1,200000 1,200000 0,000000
190 1734112198 1,200000 -1,000000 1,200000 1,200000 0,000000
190 1734112197 1,200000 -1,000000 1,200000 1,200000 0,000000
193 1734112197 1,200000 -1,000000 -101,000000 0,000000 0,000000
193 1734112198 1,200000 -1,000000 -101,000000 0,000000 0,000000
193 1734112199 1,200000 -1,000000 -101,000000 0,000000 0,000000
193 1734112200 1,200000 -1,000000 -101,000000 0,000000 0,000000
193 1734112201 1,200000 -1,000000 -101,000000 0,000000 0,000000
193 1734112202 2,200000 -1,000000 -101,000000 0,000000 0,000000
193 1734112203 2,200000 -1,000000 -101,000000 0,000000 0,000000
193 1734112204 2,200000 -1,000000 -101,000000 0,000000 0,000000
193 1734112205 2,200000 -1,000000 -101,000000 0,000000 0,000000
193 1734112206 2,200000 -1,000000 -101,000000 0,000000 0,000000
190 1734112197 1,200000 -1,000000 -101,000000 0,000000 0,000000
190 1734112198 1,200000 -1,000000 -101,000000 0,000000 0,000000
190 1734112199 1,200000 -1,000000 -101,000000 0,000000 0,000000
190 1734112200 1,200000 -1,000000 -101,000000 0,000000 0,000000
190 1734112201 1,200000 -1,000000 -101,000000 0,000000 0,000000
190 1734112202 2,400000 -1,000000 -101,000000 0,000000 0,000000
190 1734112203 2,400000 -1,000000 -101,000000 0,000000 0,000000
190 1734112204 2,400000 -1,000000 -101,000000 0,000000 0,000000
190 1734112205 2,400000 -1,000000 -101,000000 0,000000 0,000000
190 1734112206 2,400000 -1,000000 -101,000000 0,000000 0,000000
190 1734112212 1,200000 -1,000000 -101,000000 0,000000 0,000000
190 1734112213 1,200000 -1,000000 -101,000000 0,000000 0,000000
190 1734112214 1,200000 -1,000000 -101,000000 0,000000 0,000000
190 1734112215 1,200000 -1,000000 -101,000000 0,000000 0,000000
190 1734112216 1,200000 -1,000000 -101,000000 0,000000 0,000000
193 1734112212 1,200000 -1,000000 -101,000000 0,000000 0,000000
193 1734112213 1,200000 -1,000000 -101,000000 0,000000 0,000000
193 1734112214 1,200000 -1,000000 -101,000000 0,000000 0,000000
193 1734112215 1,200000 -1,000000 -101,000000 0,000000 0,000000
193 1734112216 1,200000 -1,000000 -101,000000 0,000000 0,000000
193 1734112217 0,200000 -1,000000 -101,000000 0,000000 0,000000
193 1734112218 0,200000 -1,000000 -101,000000 0,000000 0,000000
193 1734112219 0,200000 -1,000000 -101,000000 0,000000 0,000000
193 1734112220 0,200000 -1,000000 -101,000000 0,000000 0,000000
193 1734112221 0,200000 -1,000000 -101,000000 0,000000 0,000000
190 1734112232 4,200000 -1,000000 -101,000000 0,000000 0,000000
190 1734112233 4,200000 -1,000000 -101,000000 0,000000 0,000000
190 1734112234 4,200000 -1,000000 -101,000000 0,000000 0,000000
190 1734112235 4,200000 -1,000000 -101,000000 0,000000 0,000000
190 1734112236 4,200000 -1,000000 -101,000000 0,000000 0,000000
190 1734112237 1,200000 -1,000000 -101,000000 0,000000 0,000000
190 1734112238 1,200000 -1,000000 -101,000000 0,000000 0,000000
190 1734112239 1,200000 -1,000000 -101,000000 0,000000 0,000000
193 1734112232 3,800000 -1,000000 -101,000000 0,000000 0,000000
193 1734112233 3,800000 -1,000000 -101,000000 0,000000 0,000000
193 1734112234 3,800000 -1,000000 -101,000000 0,000000 0,000000
193 1734112235 3,800000 -1,000000 -101,000000 0,000000 0,000000
193 1734112236 3,800000 -1,000000 -101,000000 0,000000 0,000000
193 1734112237 1,000000 -1,000000 -101,000000 0,000000 0,000000
193 1734112238 1,000000 -1,000000 -101,000000 0,000000 0,000000
193 1734112239 1,000000 -1,000000 -101,000000 0,000000 0,000000
190 1734112240 1,200000 -1,000000 -101,000000 0,000000 0,000000
190 1734112241 1,200000 -1,000000 -101,000000 0,000000 0,000000
190 1734112247 2,400000 -1,000000 -101,000000 0,000000 0,000000
190 1734112248 2,400000 -1,000000 -101,000000 0,000000 0,000000
190 1734112249 2,400000 -1,000000 -101,000000 0,000000 0,000000
193 1734112240 1,000000 -1,000000 -101,000000 0,000000 0,000000
193 1734112241 1,000000 -1,000000 -101,000000 0,000000 0,000000
193 1734112247 2,400000 -1,000000 -101,000000 0,000000 0,000000
193 1734112248 2,400000 -1,000000 -101,000000 0,000000 0,000000
193 1734112249 2,400000 -1,000000 -101,000000 0,000000 0,000000
190 1734112250 2,400000 -1,000000 -101,000000 0,000000 0,000000
190 1734112251 2,400000 -1,000000 -101,000000 0,000000 0,000000
190 1734112252 1,200000 -1,000000 -101,000000 0,000000 0,000000
190 1734112253 1,200000 -1,000000 -101,000000 0,000000 0,000000
190 1734112254 1,200000 -1,000000 -101,000000 0,000000 0,000000
193 1734112250 2,400000 -1,000000 -101,000000 0,000000 0,000000
193 1734112251 2,400000 -1,000000 -101,000000 0,000000 0,000000
193 1734112252 1,000000 -1,000000 -101,000000 0,000000 0,000000
193 1734112253 1,000000 -1,000000 -101,000000 0,000000 0,000000
193 1734112254 1,000000 -1,000000 -101,000000 0,000000 0,000000
190 1734112255 1,200000 -1,000000 -101,000000 0,000000 0,000000
190 1734112256 1,200000 -1,000000 -101,000000 0,000000 0,000000
193 1734112255 1,000000 -1,000000 -101,000000 0,000000 0,000000
193 1734112256 1,000000 -1,000000 -101,000000 0,000000 0,000000
193 1734112262 0,200000 -1,000000 -101,000000 0,000000 0,000000
193 1734112263 0,200000 -1,000000 -101,000000 0,000000 0,000000
193 1734112264 0,200000 -1,000000 -101,000000 0,000000 0,000000
193 1734112265 0,200000 -1,000000 -101,000000 0,000000 0,000000
193 1734112266 0,200000 -1,000000 -101,000000 0,000000 0,000000
193 1734112267 0,600000 -1,000000 -101,000000 0,000000 0,000000
193 1734112268 0,600000 -1,000000 -101,000000 0,000000 0,000000
193 1734112269 0,600000 -1,000000 -101,000000 0,000000 0,000000
190 1734112277 2,400000 -1,000000 -101,000000 0,000000 0,000000
190 1734112278 2,400000 -1,000000 -101,000000 0,000000 0,000000
190 1734112279 2,400000 -1,000000 -101,000000 0,000000 0,000000
190 1734112280 2,400000 -1,000000 -101,000000 0,000000 0,000000
190 1734112281 2,400000 -1,000000 -101,000000 0,000000 0,000000
190 1734112282 2,400000 -1,000000 -101,000000 0,000000 0,000000
190 1734112283 2,400000 -1,000000 -101,000000 0,000000 0,000000
190 1734112284 2,400000 -1,000000 -101,000000 0,000000 0,000000
193 1734112270 0,600000 -1,000000 -101,000000 0,000000 0,000000
193 1734112271 0,600000 -1,000000 -101,000000 0,000000 0,000000
193 1734112277 2,400000 -1,000000 -101,000000 0,000000 0,000000
193 1734112278 2,400000 -1,000000 -101,000000 0,000000 0,000000
193 1734112279 2,400000 -1,000000 -101,000000 0,000000 0,000000
193 1734112280 2,400000 -1,000000 -101,000000 0,000000 0,000000
193 1734112281 2,400000 -1,000000 -101,000000 0,000000 0,000000
193 1734112282 2,200000 -1,000000 -101,000000 0,000000 0,000000
193 1734112283 2,200000 -1,000000 -101,000000 0,000000 0,000000
193 1734112284 2,200000 -1,000000 -101,000000 0,000000 0,000000
193 1734112285 2,200000 -1,000000 -101,000000 0,000000 0,000000
193 1734112286 2,200000 -1,000000 -101,000000 0,000000 0,000000
193 1734112287 0,200000 -1,000000 -101,000000 0,000000 0,000000
193 1734112288 0,200000 -1,000000 -101,000000 0,000000 0,000000
193 1734112289 0,200000 -1,000000 -101,000000 0,000000 0,000000
190 1734112285 2,400000 -1,000000 -101,000000 0,000000 0,000000
190 1734112286 2,400000 -1,000000 -101,000000 0,000000 0,000000
190 1734112297 1,200000 -1,000000 -101,000000 0,000000 0,000000
190 1734112298 1,200000 -1,000000 -101,000000 0,000000 0,000000
190 1734112299 1,200000 -1,000000 -101,000000 0,000000 0,000000
193 1734112290 0,200000 -1,000000 -101,000000 0,000000 0,000000
193 1734112291 0,200000 -1,000000 -101,000000 0,000000 0,000000
193 1734112297 1,200000 -1,000000 -101,000000 0,000000 0,000000
193 1734112298 1,200000 -1,000000 -101,000000 0,000000 0,000000
193 1734112299 1,200000 -1,000000 -101,000000 0,000000 0,000000
193 1734112300 1,200000 -1,000000 -101,000000 0,000000 0,000000
193 1734112301 1,200000 -1,000000 -101,000000 0,000000 0,000000
193 1734112307 0,800000 -1,000000 -101,000000 0,000000 0,000000
193 1734112308 0,800000 -1,000000 -101,000000 0,000000 0,000000
193 1734112309 0,800000 -1,000000 -101,000000 0,000000 0,000000
190 1734112300 1,200000 -1,000000 -101,000000 0,000000 0,000000
190 1734112301 1,200000 -1,000000 -101,000000 0,000000 0,000000
190 1734112307 0,400000 -1,000000 -101,000000 0,000000 0,000000
190 1734112308 0,400000 -1,000000 -101,000000 0,000000 0,000000
190 1734112309 0,400000 -1,000000 -101,000000 0,000000 0,000000
190 1734112310 0,400000 -1,000000 -101,000000 0,000000 0,000000
190 1734112311 0,400000 -1,000000 -101,000000 0,000000 0,000000
190 1734112312 3,600000 -1,000000 -101,000000 0,000000 0,000000
190 1734112313 3,600000 -1,000000 -101,000000 0,000000 0,000000
190 1734112314 3,600000 -1,000000 -101,000000 0,000000 0,000000
190 1734112315 3,600000 -1,000000 -101,000000 0,000000 0,000000
190 1734112316 3,600000 -1,000000 -101,000000 0,000000 0,000000
190 1734112317 2,400000 -1,000000 -101,000000 0,000000 0,000000
190 1734112318 2,400000 -1,000000 -101,000000 0,000000 0,000000
190 1734112319 2,400000 -1,000000 -101,000000 0,000000 0,000000
190 1734112320 2,400000 -1,000000 -101,000000 0,000000 0,000000
190 1734112321 2,400000 -1,000000 -101,000000 0,000000 0,000000
193 1734112310 0,800000 -1,000000 -101,000000 0,000000 0,000000
193 1734112311 0,800000 -1,000000 -101,000000 0,000000 0,000000
193 1734112312 3,000000 -1,000000 -101,000000 0,000000 0,000000
193 1734112313 3,000000 -1,000000 -101,000000 0,000000 0,000000
193 1734112314 3,000000 -1,000000 -101,000000 0,000000 0,000000
193 1734112315 3,000000 -1,000000 -101,000000 0,000000 0,000000
193 1734112316 3,000000 -1,000000 -101,000000 0,000000 0,000000
193 1734112317 2,200000 -1,000000 -101,000000 0,000000 0,000000
193 1734112318 2,200000 -1,000000 -101,000000 0,000000 0,000000
193 1734112319 2,200000 -1,000000 -101,000000 0,000000 0,000000
193 1734112320 2,200000 -1,000000 -101,000000 0,000000 0,000000
193 1734112321 2,200000 -1,000000 -101,000000 0,000000 0,000000
190 1734112327 1,200000 -1,000000 -101,000000 0,000000 0,000000
190 1734112328 1,200000 -1,000000 -101,000000 0,000000 0,000000
190 1734112329 1,200000 -1,000000 -101,000000 0,000000 0,000000
190 1734112330 1,200000 -1,000000 -101,000000 0,000000 0,000000
190 1734112331 1,200000 -1,000000 -101,000000 0,000000 0,000000
193 1734112327 1,000000 -1,000000 -101,000000 0,000000 0,000000
193 1734112328 1,000000 -1,000000 -101,000000 0,000000 0,000000
193 1734112329 1,000000 -1,000000 -101,000000 0,000000 0,000000
193 1734112330 1,000000 -1,000000 -101,000000 0,000000 0,000000
193 1734112331 1,000000 -1,000000 -101,000000 0,000000 0,000000
190 1734112342 1,200000 -1,000000 -101,000000 0,000000 0,000000
190 1734112343 1,200000 -1,000000 -101,000000 0,000000 0,000000
190 1734112344 1,200000 -1,000000 -101,000000 0,000000 0,000000
193 1734112342 1,400000 -1,000000 -101,000000 0,000000 0,000000
193 1734112343 1,400000 -1,000000 -101,000000 0,000000 0,000000
193 1734112344 1,400000 -1,000000 -101,000000 0,000000 0,000000
193 1734112345 1,400000 -1,000000 -101,000000 0,000000 0,000000
193 1734112346 1,400000 -1,000000 -101,000000 0,000000 0,000000
193 1734112347 0,600000 -1,000000 -101,000000 0,000000 0,000000
193 1734112348 0,600000 -1,000000 -101,000000 0,000000 0,000000
193 1734112349 0,600000 -1,000000 -101,000000 0,000000 0,000000
193 1734112350 0,600000 -1,000000 -101,000000 0,000000 0,000000
193 1734112351 0,600000 -1,000000 -101,000000 0,000000 0,000000
193 1734112357 3,200000 -1,000000 -101,000000 0,000000 0,000000
193 1734112358 3,200000 -1,000000 -101,000000 0,000000 0,000000
193 1734112359 3,200000 -1,000000 -101,000000 0,000000 0,000000
193 1734112360 3,200000 -1,000000 -101,000000 0,000000 0,000000
193 1734112361 3,200000 -1,000000 -101,000000 0,000000 0,000000
190 1734112345 1,200000 -1,000000 -101,000000 0,000000 0,000000
190 1734112346 1,200000 -1,000000 -101,000000 0,000000 0,000000
190 1734112357 3,600000 -1,000000 -101,000000 0,000000 0,000000
190 1734112358 3,600000 -1,000000 -101,000000 0,000000 0,000000
190 1734112359 3,600000 -1,000000 -101,000000 0,000000 0,000000
190 1734112360 3,600000 -1,000000 -101,000000 0,000000 0,000000
190 1734112361 3,600000 -1,000000 -101,000000 0,000000 0,000000
193 1734112367 0,200000 -1,000000 -101,000000 0,000000 0,000000
193 1734112368 0,200000 -1,000000 -101,000000 0,000000 0,000000
193 1734112369 0,200000 -1,000000 -101,000000 0,000000 0,000000
193 1734112370 0,200000 -1,000000 -101,000000 0,000000 0,000000
193 1734112371 0,200000 -1,000000 -101,000000 0,000000 0,000000
190 1734112382 0,600000 -1,000000 -101,000000 0,000000 0,000000
190 1734112383 0,600000 -1,000000 -101,000000 0,000000 0,000000
190 1734112384 0,600000 -1,000000 -101,000000 0,000000 0,000000
190 1734112385 0,600000 -1,000000 -101,000000 0,000000 0,000000
190 1734112386 0,600000 -1,000000 -101,000000 0,000000 0,000000
190 1734112392 6,000000 -1,000000 -101,000000 0,000000 0,000000
190 1734112393 6,000000 -1,000000 -101,000000 0,000000 0,000000
190 1734112394 6,000000 -1,000000 -101,000000 0,000000 0,000000
190 1734112395 6,000000 -1,000000 -101,000000 0,000000 0,000000
190 1734112396 6,000000 -1,000000 -101,000000 0,000000 0,000000
190 1734112397 1,200000 -1,000000 -101,000000 0,000000 0,000000
190 1734112398 1,200000 -1,000000 -101,000000 0,000000 0,000000
190 1734112399 1,200000 -1,000000 -101,000000 0,000000 0,000000
190 1734112400 1,200000 -1,000000 -101,000000 0,000000 0,000000
193 1734112382 0,800000 -1,000000 -101,000000 0,000000 0,000000
193 1734112383 0,800000 -1,000000 -101,000000 0,000000 0,000000
193 1734112384 0,800000 -1,000000 -101,000000 0,000000 0,000000
193 1734112385 0,800000 -1,000000 -101,000000 0,000000 0,000000
193 1734112386 0,800000 -1,000000 -101,000000 0,000000 0,000000
193 1734112392 5,400000 -1,000000 -101,000000 0,000000 0,000000
193 1734112393 5,400000 -1,000000 -101,000000 0,000000 0,000000
193 1734112394 5,400000 -1,000000 -101,000000 0,000000 0,000000
193 1734112395 5,400000 -1,000000 -101,000000 0,000000 0,000000
193 1734112396 5,400000 -1,000000 -101,000000 0,000000 0,000000
193 1734112397 1,000000 -1,000000 -101,000000 0,000000 0,000000
193 1734112398 1,000000 -1,000000 -101,000000 0,000000 0,000000
193 1734112399 1,000000 -1,000000 -101,000000 0,000000 0,000000
193 1734112400 1,000000 -1,000000 -101,000000 0,000000 0,000000
190 1734112401 1,200000 -1,000000 -101,000000 0,000000 0,000000
190 1734112402 1,200000 -1,000000 -101,000000 0,000000 0,000000
190 1734112403 1,200000 -1,000000 -101,000000 0,000000 0,000000
190 1734112404 1,200000 -1,000000 -101,000000 0,000000 0,000000
190 1734112405 1,200000 -1,000000 -101,000000 0,000000 0,000000
193 1734112401 1,000000 -1,000000 -101,000000 0,000000 0,000000
193 1734112402 1,000000 -1,000000 -101,000000 0,000000 0,000000
193 1734112403 1,000000 -1,000000 -101,000000 0,000000 0,000000
193 1734112404 1,000000 -1,000000 -101,000000 0,000000 0,000000
193 1734112405 1,000000 -1,000000 -101,000000 0,000000 0,000000
190 1734112406 1,200000 -1,000000 -101,000000 0,000000 0,000000
193 1734112406 1,000000 -1,000000 -101,000000 0,000000 0,000000
190 1734112427 1,200000 -1,000000 -101,000000 0,000000 0,000000
190 1734112428 1,200000 -1,000000 -101,000000 0,000000 0,000000
190 1734112429 1,200000 -1,000000 -101,000000 0,000000 0,000000
190 1734112430 1,200000 -1,000000 -101,000000 0,000000 0,000000
193 1734112422 0,200000 -1,000000 -101,000000 0,000000 0,000000
193 1734112423 0,200000 -1,000000 -101,000000 0,000000 0,000000
193 1734112424 0,200000 -1,000000 -101,000000 0,000000 0,000000
193 1734112425 0,200000 -1,000000 -101,000000 0,000000 0,000000
193 1734112426 0,200000 -1,000000 -101,000000 0,000000 0,000000
193 1734112427 1,800000 -1,000000 -101,000000 0,000000 0,000000
193 1734112428 1,800000 -1,000000 -101,000000 0,000000 0,000000
193 1734112429 1,800000 -1,000000 -101,000000 0,000000 0,000000
193 1734112430 1,800000 -1,000000 -101,000000 0,000000 0,000000
190 1734112431 1,200000 -1,000000 -101,000000 0,000000 0,000000
190 1734112432 3,600000 -1,000000 -101,000000 0,000000 0,000000
190 1734112433 3,600000 -1,000000 -101,000000 0,000000 0,000000
190 1734112434 3,600000 -1,000000 -101,000000 0,000000 0,000000
190 1734112435 3,600000 -1,000000 -101,000000 0,000000 0,000000
190 1734112436 3,600000 -1,000000 -101,000000 0,000000 0,000000
190 1734112437 1,200000 -1,000000 -101,000000 0,000000 0,000000
190 1734112438 1,200000 -1,000000 -101,000000 0,000000 0,000000
190 1734112439 1,200000 -1,000000 -101,000000 0,000000 0,000000
190 1734112440 1,200000 -1,000000 -101,000000 0,000000 0,000000
193 1734112431 1,800000 -1,000000 -101,000000 0,000000 0,000000
193 1734112432 3,600000 -1,000000 -101,000000 0,000000 0,000000
193 1734112433 3,600000 -1,000000 -101,000000 0,000000 0,000000
193 1734112434 3,600000 -1,000000 -101,000000 0,000000 0,000000
193 1734112435 3,600000 -1,000000 -101,000000 0,000000 0,000000
193 1734112436 3,600000 -1,000000 -101,000000 0,000000 0,000000
193 1734112437 1,200000 -1,000000 -101,000000 0,000000 0,000000
193 1734112438 1,200000 -1,000000 -101,000000 0,000000 0,000000
193 1734112439 1,200000 -1,000000 -101,000000 0,000000 0,000000
193 1734112440 1,200000 -1,000000 -101,000000 0,000000 0,000000
193 1734112441 1,200000 -1,000000 -101,000000 0,000000 0,000000
190 1734112441 1,200000 -1,000000 -101,000000 0,000000 0,000000
190 1734112457 0,600000 -1,000000 -101,000000 0,000000 0,000000
190 1734112458 0,600000 -1,000000 -101,000000 0,000000 0,000000
190 1734112459 0,600000 -1,000000 -101,000000 0,000000 0,000000
190 1734112460 0,600000 -1,000000 -101,000000 0,000000 0,000000
190 1734112461 0,600000 -1,000000 -101,000000 0,000000 0,000000
190 1734112462 1,200000 -1,000000 -101,000000 0,000000 0,000000
190 1734112463 1,200000 -1,000000 -101,000000 0,000000 0,000000
190 1734112464 1,200000 -1,000000 -101,000000 0,000000 0,000000
190 1734112465 1,200000 -1,000000 -101,000000 0,000000 0,000000
190 1734112466 1,200000 -1,000000 -101,000000 0,000000 0,000000
190 1734112472 4,800000 -1,000000 -101,000000 0,000000 0,000000
190 1734112473 4,800000 -1,000000 -101,000000 0,000000 0,000000
190 1734112474 4,800000 -1,000000 -101,000000 0,000000 0,000000
190 1734112475 4,800000 -1,000000 -101,000000 0,000000 0,000000
193 1734112457 0,800000 -1,000000 -101,000000 0,000000 0,000000
193 1734112458 0,800000 -1,000000 -101,000000 0,000000 0,000000
193 1734112459 0,800000 -1,000000 -101,000000 0,000000 0,000000
193 1734112460 0,800000 -1,000000 -101,000000 0,000000 0,000000
193 1734112461 0,800000 -1,000000 -101,000000 0,000000 0,000000
193 1734112462 1,200000 -1,000000 -101,000000 0,000000 0,000000
193 1734112463 1,200000 -1,000000 -101,000000 0,000000 0,000000
193 1734112464 1,200000 -1,000000 -101,000000 0,000000 0,000000
193 1734112465 1,200000 -1,000000 -101,000000 0,000000 0,000000
193 1734112466 1,200000 -1,000000 -101,000000 0,000000 0,000000
193 1734112472 4,000000 -1,000000 -101,000000 0,000000 0,000000
193 1734112473 4,000000 -1,000000 -101,000000 0,000000 0,000000
193 1734112474 4,000000 -1,000000 -101,000000 0,000000 0,000000
193 1734112475 4,000000 -1,000000 -101,000000 0,000000 0,000000
190 1734112476 4,800000 -1,000000 -101,000000 0,000000 0,000000
190 1734112477 1,200000 -1,000000 -101,000000 0,000000 0,000000
190 1734112478 1,200000 -1,000000 -101,000000 0,000000 0,000000
190 1734112479 1,200000 -1,000000 -101,000000 0,000000 0,000000
190 1734112480 1,200000 -1,000000 -101,000000 0,000000 0,000000
193 1734112476 4,000000 -1,000000 -101,000000 0,000000 0,000000
193 1734112477 1,000000 -1,000000 -101,000000 0,000000 0,000000
193 1734112478 1,000000 -1,000000 -101,000000 0,000000 0,000000
193 1734112479 1,000000 -1,000000 -101,000000 0,000000 0,000000
193 1734112480 1,000000 -1,000000 -101,000000 0,000000 0,000000
190 1734112481 1,200000 -1,000000 -101,000000 0,000000 0,000000
190 1734112487 1,200000 -1,000000 -101,000000 0,000000 0,000000
190 1734112488 1,200000 -1,000000 -101,000000 0,000000 0,000000
190 1734112489 1,200000 -1,000000 -101,000000 0,000000 0,000000
190 1734112490 1,200000 -1,000000 -101,000000 0,000000 0,000000
193 1734112481 1,000000 -1,000000 -101,000000 0,000000 0,000000
193 1734112487 1,200000 -1,000000 -101,000000 0,000000 0,000000
193 1734112488 1,200000 -1,000000 -101,000000 0,000000 0,000000
193 1734112489 1,200000 -1,000000 -101,000000 0,000000 0,000000
193 1734112490 1,200000 -1,000000 -101,000000 0,000000 0,000000
190 1734112491 1,200000 -1,000000 -101,000000 0,000000 0,000000
193 1734112491 1,200000 -1,000000 -101,000000 0,000000 0,000000
190 1734112497 1,200000 -1,000000 -101,000000 0,000000 0,000000
190 1734112498 1,200000 -1,000000 -101,000000 0,000000 0,000000
190 1734112499 1,200000 -1,000000 -101,000000 0,000000 0,000000
190 1734112500 1,200000 -1,000000 -101,000000 0,000000 0,000000
193 1734112497 1,200000 -1,000000 -101,000000 0,000000 0,000000
193 1734112498 1,200000 -1,000000 -101,000000 0,000000 0,000000
193 1734112499 1,200000 -1,000000 -101,000000 0,000000 0,000000
193 1734112500 1,200000 -1,000000 -101,000000 0,000000 0,000000
190 1734112501 1,200000 -1,000000 -101,000000 0,000000 0,000000
190 1734112507 2,400000 -1,000000 -101,000000 0,000000 0,000000
190 1734112508 2,400000 -1,000000 -101,000000 0,000000 0,000000
190 1734112509 2,400000 -1,000000 -101,000000 0,000000 0,000000
190 1734112510 2,400000 -1,000000 -101,000000 0,000000 0,000000
190 1734112511 2,400000 -1,000000 -101,000000 0,000000 0,000000
193 1734112501 1,200000 -1,000000 -101,000000 0,000000 0,000000
193 1734112502 0,200000 -1,000000 -101,000000 0,000000 0,000000
193 1734112503 0,200000 -1,000000 -101,000000 0,000000 0,000000
193 1734112504 0,200000 -1,000000 -101,000000 0,000000 0,000000
193 1734112505 0,200000 -1,000000 -101,000000 0,000000 0,000000
193 1734112506 0,200000 -1,000000 -101,000000 0,000000 0,000000
193 1734112507 3,000000 -1,000000 -101,000000 0,000000 0,000000
193 1734112508 3,000000 -1,000000 -101,000000 0,000000 0,000000
193 1734112509 3,000000 -1,000000 -101,000000 0,000000 0,000000
193 1734112510 3,000000 -1,000000 -101,000000 0,000000 0,000000
193 1734112511 3,000000 -1,000000 -101,000000 0,000000 0,000000
190 1734112532 0,400000 -1,000000 -101,000000 0,000000 0,000000
190 1734112533 0,400000 -1,000000 -101,000000 0,000000 0,000000
190 1734112534 0,400000 -1,000000 -101,000000 0,000000 0,000000
190 1734112535 0,400000 -1,000000 -101,000000 0,000000 0,000000
190 1734112536 0,400000 -1,000000 -101,000000 0,000000 0,000000
190 1734112537 2,600000 -1,000000 -101,000000 0,000000 0,000000
190 1734112538 2,600000 -1,000000 -101,000000 0,000000 0,000000
190 1734112539 2,600000 -1,000000 -101,000000 0,000000 0,000000
190 1734112540 2,600000 -1,000000 -101,000000 0,000000 0,000000
190 1734112541 2,600000 -1,000000 -101,000000 0,000000 0,000000
190 1734112547 1,200000 -1,000000 -101,000000 0,000000 0,000000
190 1734112548 1,200000 -1,000000 -101,000000 0,000000 0,000000
190 1734112549 1,200000 -1,000000 -101,000000 0,000000 0,000000
190 1734112550 1,200000 -1,000000 -101,000000 0,000000 0,000000
193 1734112532 0,400000 -1,000000 -101,000000 0,000000 0,000000
193 1734112533 0,400000 -1,000000 -101,000000 0,000000 0,000000
193 1734112534 0,400000 -1,000000 -101,000000 0,000000 0,000000
193 1734112535 0,400000 -1,000000 -101,000000 0,000000 0,000000
193 1734112536 0,400000 -1,000000 -101,000000 0,000000 0,000000
193 1734112537 2,800000 -1,000000 -101,000000 0,000000 0,000000
193 1734112538 2,800000 -1,000000 -101,000000 0,000000 0,000000
193 1734112539 2,800000 -1,000000 -101,000000 0,000000 0,000000
193 1734112540 2,800000 -1,000000 -101,000000 0,000000 0,000000
193 1734112541 2,800000 -1,000000 -101,000000 0,000000 0,000000
193 1734112547 1,000000 -1,000000 -101,000000 0,000000 0,000000
193 1734112548 1,000000 -1,000000 -101,000000 0,000000 0,000000
193 1734112549 1,000000 -1,000000 -101,000000 0,000000 0,000000
193 1734112550 1,000000 -1,000000 -101,000000 0,000000 0,000000
190 1734112551 1,200000 -1,000000 -101,000000 0,000000 0,000000
190 1734112552 3,600000 -1,000000 -101,000000 0,000000 0,000000
190 1734112553 3,600000 -1,000000 -101,000000 0,000000 0,000000
190 1734112554 3,600000 -1,000000 -101,000000 0,000000 0,000000
190 1734112555 3,600000 -1,000000 -101,000000 0,000000 0,000000
193 1734112551 1,000000 -1,000000 -101,000000 0,000000 0,000000
193 1734112552 3,000000 -1,000000 -101,000000 0,000000 0,000000
193 1734112553 3,000000 -1,000000 -101,000000 0,000000 0,000000
193 1734112554 3,000000 -1,000000 -101,000000 0,000000 0,000000
193 1734112555 3,000000 -1,000000 -101,000000 0,000000 0,000000
190 1734112556 3,600000 -1,000000 -101,000000 0,000000 0,000000
190 1734112557 1,200000 -1,000000 -101,000000 0,000000 0,000000
190 1734112558 1,200000 -1,000000 -101,000000 0,000000 0,000000
190 1734112559 1,200000 -1,000000 -101,000000 0,000000 0,000000
190 1734112560 1,200000 -1,000000 -101,000000 0,000000 0,000000
190 1734112561 1,200000 -1,000000 -101,000000 0,000000 0,000000
193 1734112556 3,000000 -1,000000 -101,000000 0,000000 0,000000
193 1734112557 1,000000 -1,000000 -101,000000 0,000000 0,000000
193 1734112558 1,000000 -1,000000 -101,000000 0,000000 0,000000
193 1734112559 1,000000 -1,000000 -101,000000 0,000000 0,000000
193 1734112560 1,000000 -1,000000 -101,000000 0,000000 0,000000
193 1734112561 1,000000 -1,000000 -101,000000 0,000000 0,000000
190 1734112572 1,200000 -1,000000 -101,000000 0,000000 0,000000
190 1734112573 1,200000 -1,000000 -101,000000 0,000000 0,000000
190 1734112574 1,200000 -1,000000 -101,000000 0,000000 0,000000
190 1734112575 1,200000 -1,000000 -101,000000 0,000000 0,000000
193 1734112572 1,200000 -1,000000 -101,000000 0,000000 0,000000
193 1734112573 1,200000 -1,000000 -101,000000 0,000000 0,000000
193 1734112574 1,200000 -1,000000 -101,000000 0,000000 0,000000
193 1734112575 1,200000 -1,000000 -101,000000 0,000000 0,000000
190 1734112576 1,200000 -1,000000 -101,000000 0,000000 0,000000
193 1734112576 1,200000 -1,000000 -101,000000 0,000000 0,000000
193 1734112577 0,200000 -1,000000 -101,000000 0,000000 0,000000
193 1734112578 0,200000 -1,000000 -101,000000 0,000000 0,000000
193 1734112579 0,200000 -1,000000 -101,000000 0,000000 0,000000
193 1734112580 0,200000 -1,000000 -101,000000 0,000000 0,000000
190 1734112582 4,800000 -1,000000 -101,000000 0,000000 0,000000
190 1734112583 4,800000 -1,000000 -101,000000 0,000000 0,000000
190 1734112584 4,800000 -1,000000 -101,000000 0,000000 0,000000
190 1734112585 4,800000 -1,000000 -101,000000 0,000000 0,000000
193 1734112581 0,200000 -1,000000 -101,000000 0,000000 0,000000
193 1734112582 4,800000 -1,000000 -101,000000 0,000000 0,000000
193 1734112583 4,800000 -1,000000 -101,000000 0,000000 0,000000
193 1734112584 4,800000 -1,000000 -101,000000 0,000000 0,000000
193 1734112585 4,800000 -1,000000 -101,000000 0,000000 0,000000
190 1734112586 4,800000 -1,000000 -101,000000 0,000000 0,000000
193 1734112586 4,800000 -1,000000 -101,000000 0,000000 0,000000
193 1734112587 0,600000 -1,000000 -101,000000 0,000000 0,000000
193 1734112588 0,600000 -1,000000 -101,000000 0,000000 0,000000
193 1734112589 0,600000 -1,000000 -101,000000 0,000000 0,000000
193 1734112590 0,600000 -1,000000 -101,000000 0,000000 0,000000
193 1734112591 0,600000 -1,000000 -101,000000 0,000000 0,000000
193 1734112607 1,600000 -1,000000 -101,000000 0,000000 0,000000
193 1734112608 1,600000 -1,000000 -101,000000 0,000000 0,000000
193 1734112609 1,600000 -1,000000 -101,000000 0,000000 0,000000
193 1734112610 1,600000 -1,000000 -101,000000 0,000000 0,000000
190 1734112607 1,400000 -1,000000 -101,000000 0,000000 0,000000
190 1734112608 1,400000 -1,000000 -101,000000 0,000000 0,000000
190 1734112609 1,400000 -1,000000 -101,000000 0,000000 0,000000
190 1734112610 1,400000 -1,000000 -101,000000 0,000000 0,000000
190 1734112611 1,400000 -1,000000 -101,000000 0,000000 0,000000
190 1734112612 0,400000 -1,000000 -101,000000 0,000000 0,000000
190 1734112613 0,400000 -1,000000 -101,000000 0,000000 0,000000
190 1734112614 0,400000 -1,000000 -101,000000 0,000000 0,000000
190 1734112615 0,400000 -1,000000 -101,000000 0,000000 0,000000
190 1734112616 0,400000 -1,000000 -101,000000 0,000000 0,000000
193 1734112611 1,600000 -1,000000 -101,000000 0,000000 0,000000
193 1734112612 0,400000 -1,000000 -101,000000 0,000000 0,000000
193 1734112613 0,400000 -1,000000 -101,000000 0,000000 0,000000
193 1734112614 0,400000 -1,000000 -101,000000 0,000000 0,000000
193 1734112615 0,400000 -1,000000 -101,000000 0,000000 0,000000
193 1734112616 0,400000 -1,000000 -101,000000 0,000000 0,000000
190 1734112622 1,200000 -1,000000 -101,000000 0,000000 0,000000
190 1734112623 1,200000 -1,000000 -101,000000 0,000000 0,000000
190 1734112624 1,200000 -1,000000 -101,000000 0,000000 0,000000
190 1734112625 1,200000 -1,000000 -101,000000 0,000000 0,000000
190 1734112626 1,200000 -1,000000 -101,000000 0,000000 0,000000
193 1734112622 1,000000 -1,000000 -101,000000 0,000000 0,000000
193 1734112623 1,000000 -1,000000 -101,000000 0,000000 0,000000
193 1734112624 1,000000 -1,000000 -101,000000 0,000000 0,000000
193 1734112625 1,000000 -1,000000 -101,000000 0,000000 0,000000
193 1734112626 1,000000 -1,000000 -101,000000 0,000000 0,000000
190 1734112632 4,800000 -1,000000 -101,000000 0,000000 0,000000
190 1734112633 4,800000 -1,000000 -101,000000 0,000000 0,000000
190 1734112634 4,800000 -1,000000 -101,000000 0,000000 0,000000
190 1734112635 4,800000 -1,000000 -101,000000 0,000000 0,000000
193 1734112632 4,200000 -1,000000 -101,000000 0,000000 0,000000
193 1734112633 4,200000 -1,000000 -101,000000 0,000000 0,000000
193 1734112634 4,200000 -1,000000 -101,000000 0,000000 0,000000
193 1734112635 4,200000 -1,000000 -101,000000 0,000000 0,000000
190 1734112636 4,800000 -1,000000 -101,000000 0,000000 0,000000
190 1734112637 1,200000 -1,000000 -101,000000 0,000000 0,000000
190 1734112638 1,200000 -1,000000 -101,000000 0,000000 0,000000
190 1734112639 1,200000 -1,000000 -101,000000 0,000000 0,000000
190 1734112640 1,200000 -1,000000 -101,000000 0,000000 0,000000
190 1734112641 1,200000 -1,000000 -101,000000 0,000000 0,000000
190 1734112642 1,200000 -1,000000 -101,000000 0,000000 0,000000
190 1734112643 1,200000 -1,000000 -101,000000 0,000000 0,000000
190 1734112644 1,200000 -1,000000 -101,000000 0,000000 0,000000
190 1734112645 1,200000 -1,000000 -101,000000 0,000000 0,000000
190 1734112646 1,200000 -1,000000 -101,000000 0,000000 0,000000
193 1734112636 4,200000 -1,000000 -101,000000 0,000000 0,000000
193 1734112637 1,000000 -1,000000 -101,000000 0,000000 0,000000
193 1734112638 1,000000 -1,000000 -101,000000 0,000000 0,000000
193 1734112639 1,000000 -1,000000 -101,000000 0,000000 0,000000
193 1734112640 1,000000 -1,000000 -101,000000 0,000000 0,000000
193 1734112641 1,000000 -1,000000 -101,000000 0,000000 0,000000
193 1734112642 1,200000 -1,000000 -101,000000 0,000000 0,000000
193 1734112643 1,200000 -1,000000 -101,000000 0,000000 0,000000
193 1734112644 1,200000 -1,000000 -101,000000 0,000000 0,000000
193 1734112645 1,200000 -1,000000 -101,000000 0,000000 0,000000
193 1734112646 1,200000 -1,000000 -101,000000 0,000000 0,000000
190 1734112657 1,200000 -1,000000 -101,000000 0,000000 0,000000
190 1734112658 1,200000 -1,000000 -101,000000 0,000000 0,000000
190 1734112659 1,200000 -1,000000 -101,000000 0,000000 0,000000
190 1734112660 1,200000 -1,000000 -101,000000 0,000000 0,000000
193 1734112657 1,000000 -1,000000 -101,000000 0,000000 0,000000
193 1734112658 1,000000 -1,000000 -101,000000 0,000000 0,000000
193 1734112659 1,000000 -1,000000 -101,000000 0,000000 0,000000
193 1734112660 1,000000 -1,000000 -101,000000 0,000000 0,000000
190 1734112661 1,200000 -1,000000 -101,000000 0,000000 0,000000
190 1734112662 1,200000 -1,000000 -101,000000 0,000000 0,000000
190 1734112663 1,200000 -1,000000 -101,000000 0,000000 0,000000
190 1734112664 1,200000 -1,000000 -101,000000 0,000000 0,000000
190 1734112665 1,200000 -1,000000 -101,000000 0,000000 0,000000
190 1734112666 1,200000 -1,000000 -101,000000 0,000000 0,000000
193 1734112661 1,000000 -1,000000 -101,000000 0,000000 0,000000
193 1734112662 1,400000 -1,000000 -101,000000 0,000000 0,000000
193 1734112663 1,400000 -1,000000 -101,000000 0,000000 0,000000
193 1734112664 1,400000 -1,000000 -101,000000 0,000000 0,000000
193 1734112665 1,400000 -1,000000 -101,000000 0,000000 0,000000
193 1734112666 1,400000 -1,000000 -101,000000 0,000000 0,000000
193 1734112667 0,600000 -1,000000 -101,000000 0,000000 0,000000
193 1734112668 0,600000 -1,000000 -101,000000 0,000000 0,000000
193 1734112669 0,600000 -1,000000 -101,000000 0,000000 0,000000
193 1734112670 0,600000 -1,000000 -101,000000 0,000000 0,000000
193 1734112671 0,600000 -1,000000 -101,000000 0,000000 0,000000
190 1734112677 2,400000 -1,000000 -101,000000 0,000000 0,000000
190 1734112678 2,400000 -1,000000 -101,000000 0,000000 0,000000
190 1734112679 2,400000 -1,000000 -101,000000 0,000000 0,000000
190 1734112680 2,400000 -1,000000 -101,000000 0,000000 0,000000
193 1734112677 2,400000 -1,000000 -101,000000 0,000000 0,000000
193 1734112678 2,400000 -1,000000 -101,000000 0,000000 0,000000
193 1734112679 2,400000 -1,000000 -101,000000 0,000000 0,000000
193 1734112680 2,400000 -1,000000 -101,000000 0,000000 0,000000
193 1734112681 2,400000 -1,000000 -101,000000 0,000000 0,000000
193 1734112687 0,800000 -1,000000 -101,000000 0,000000 0,000000
193 1734112688 0,800000 -1,000000 -101,000000 0,000000 0,000000
193 1734112689 0,800000 -1,000000 -101,000000 0,000000 0,000000
193 1734112690 0,800000 -1,000000 -101,000000 0,000000 0,000000
190 1734112681 2,400000 -1,000000 -101,000000 0,000000 0,000000
190 1734112687 0,400000 -1,000000 -101,000000 0,000000 0,000000
190 1734112688 0,400000 -1,000000 -101,000000 0,000000 0,000000
190 1734112689 0,400000 -1,000000 -101,000000 0,000000 0,000000
190 1734112690 0,400000 -1,000000 -101,000000 0,000000 0,000000
190 1734112691 0,400000 -1,000000 -101,000000 0,000000 0,000000
190 1734112692 1,200000 -1,000000 -101,000000 0,000000 0,000000
190 1734112693 1,200000 -1,000000 -101,000000 0,000000 0,000000
190 1734112694 1,200000 -1,000000 -101,000000 0,000000 0,000000
190 1734112695 1,200000 -1,000000 -101,000000 0,000000 0,000000
193 1734112691 0,800000 -1,000000 -101,000000 0,000000 0,000000
193 1734112692 1,200000 -1,000000 -101,000000 0,000000 0,000000
193 1734112693 1,200000 -1,000000 -101,000000 0,000000 0,000000
193 1734112694 1,200000 -1,000000 -101,000000 0,000000 0,000000
193 1734112695 1,200000 -1,000000 -101,000000 0,000000 0,000000
190 1734112696 1,200000 -1,000000 -101,000000 0,000000 0,000000
193 1734112696 1,200000 -1,000000 -101,000000 0,000000 0,000000
190 1734112712 3,600000 -1,000000 -101,000000 0,000000 0,000000
190 1734112713 3,600000 -1,000000 -101,000000 0,000000 0,000000
190 1734112714 3,600000 -1,000000 -101,000000 0,000000 0,000000
190 1734112715 3,600000 -1,000000 -101,000000 0,000000 0,000000
190 1734112716 3,600000 -1,000000 -101,000000 0,000000 0,000000
190 1734112717 2,400000 -1,000000 -101,000000 0,000000 0,000000
190 1734112718 2,400000 -1,000000 -101,000000 0,000000 0,000000
190 1734112719 2,400000 -1,000000 -101,000000 0,000000 0,000000
190 1734112720 2,400000 -1,000000 -101,000000 0,000000 0,000000
193 1734112712 3,000000 -1,000000 -101,000000 0,000000 0,000000
193 1734112713 3,000000 -1,000000 -101,000000 0,000000 0,000000
193 1734112714 3,000000 -1,000000 -101,000000 0,000000 0,000000
193 1734112715 3,000000 -1,000000 -101,000000 0,000000 0,000000
193 1734112716 3,000000 -1,000000 -101,000000 0,000000 0,000000
193 1734112717 2,200000 -1,000000 -101,000000 0,000000 0,000000
193 1734112718 2,200000 -1,000000 -101,000000 0,000000 0,000000
193 1734112719 2,200000 -1,000000 -101,000000 0,000000 0,000000
193 1734112720 2,200000 -1,000000 -101,000000 0,000000 0,000000
190 1734112721 2,400000 -1,000000 -101,000000 0,000000 0,000000
190 1734112727 1,200000 -1,000000 -101,000000 0,000000 0,000000
190 1734112728 1,200000 -1,000000 -101,000000 0,000000 0,000000
190 1734112729 1,200000 -1,000000 -101,000000 0,000000 0,000000
190 1734112730 1,200000 -1,000000 -101,000000 0,000000 0,000000
193 1734112721 2,200000 -1,000000 -101,000000 0,000000 0,000000
193 1734112727 1,400000 -1,000000 -101,000000 0,000000 0,000000
193 1734112728 1,400000 -1,000000 -101,000000 0,000000 0,000000
193 1734112729 1,400000 -1,000000 -101,000000 0,000000 0,000000
193 1734112730 1,400000 -1,000000 -101,000000 0,000000 0,000000
190 1734112731 1,200000 -1,000000 -101,000000 0,000000 0,000000
190 1734112732 1,200000 -1,000000 -101,000000 0,000000 0,000000
190 1734112733 1,200000 -1,000000 -101,000000 0,000000 0,000000
190 1734112734 1,200000 -1,000000 -101,000000 0,000000 0,000000
190 1734112735 1,200000 -1,000000 -101,000000 0,000000 0,000000
193 1734112731 1,400000 -1,000000 -101,000000 0,000000 0,000000
193 1734112732 1,200000 -1,000000 -101,000000 0,000000 0,000000
193 1734112733 1,200000 -1,000000 -101,000000 0,000000 0,000000
193 1734112734 1,200000 -1,000000 -101,000000 0,000000 0,000000
193 1734112735 1,200000 -1,000000 -101,000000 0,000000 0,000000
190 1734112736 1,200000 -1,000000 -101,000000 0,000000 0,000000
190 1734112737 2,400000 -1,000000 -101,000000 0,000000 0,000000
190 1734112738 2,400000 -1,000000 -101,000000 0,000000 0,000000
190 1734112739 2,400000 -1,000000 -101,000000 0,000000 0,000000
190 1734112740 2,400000 -1,000000 -101,000000 0,000000 0,000000
193 1734112736 1,200000 -1,000000 -101,000000 0,000000 0,000000
193 1734112737 2,000000 -1,000000 -101,000000 0,000000 0,000000
193 1734112738 2,000000 -1,000000 -101,000000 0,000000 0,000000
193 1734112739 2,000000 -1,000000 -101,000000 0,000000 0,000000
193 1734112740 2,000000 -1,000000 -101,000000 0,000000 0,000000
190 1734112741 2,400000 -1,000000 -101,000000 0,000000 0,000000
190 1734112752 1,200000 -1,000000 -101,000000 0,000000 0,000000
190 1734112753 1,200000 -1,000000 -101,000000 0,000000 0,000000
190 1734112754 1,200000 -1,000000 -101,000000 0,000000 0,000000
190 1734112755 1,200000 -1,000000 -101,000000 0,000000 0,000000
193 1734112741 2,000000 -1,000000 -101,000000 0,000000 0,000000
193 1734112742 0,200000 -1,000000 -101,000000 0,000000 0,000000
193 1734112743 0,200000 -1,000000 -101,000000 0,000000 0,000000
193 1734112744 0,200000 -1,000000 -101,000000 0,000000 0,000000
193 1734112745 0,200000 -1,000000 -101,000000 0,000000 0,000000
193 1734112746 0,200000 -1,000000 -101,000000 0,000000 0,000000
193 1734112747 0,600000 -1,000000 -101,000000 0,000000 0,000000
193 1734112748 0,600000 -1,000000 -101,000000 0,000000 0,000000
193 1734112749 0,600000 -1,000000 -101,000000 0,000000 0,000000
193 1734112750 0,600000 -1,000000 -101,000000 0,000000 0,000000
193 1734112751 0,600000 -1,000000 -101,000000 0,000000 0,000000
193 1734112752 1,200000 -1,000000 -101,000000 0,000000 0,000000
193 1734112753 1,200000 -1,000000 -101,000000 0,000000 0,000000
193 1734112754 1,200000 -1,000000 -101,000000 0,000000 0,000000
193 1734112755 1,200000 -1,000000 -101,000000 0,000000 0,000000
190 1734112756 1,200000 -1,000000 -101,000000 0,000000 0,000000
190 1734112762 0,600000 -1,000000 -101,000000 0,000000 0,000000
190 1734112763 0,600000 -1,000000 -101,000000 0,000000 0,000000
190 1734112764 0,600000 -1,000000 -101,000000 0,000000 0,000000
190 1734112765 0,600000 -1,000000 -101,000000 0,000000 0,000000
193 1734112756 1,200000 -1,000000 -101,000000 0,000000 0,000000
193 1734112762 0,800000 -1,000000 -101,000000 0,000000 0,000000
193 1734112763 0,800000 -1,000000 -101,000000 0,000000 0,000000
193 1734112764 0,800000 -1,000000 -101,000000 0,000000 0,000000
193 1734112765 0,800000 -1,000000 -101,000000 0,000000 0,000000
193 1734112766 0,800000 -1,000000 -101,000000 0,000000 0,000000
193 1734112767 1,000000 -1,000000 -101,000000 0,000000 0,000000
193 1734112768 1,000000 -1,000000 -101,000000 0,000000 0,000000
193 1734112769 1,000000 -1,000000 -101,000000 0,000000 0,000000
193 1734112770 1,000000 -1,000000 -101,000000 0,000000 0,000000
190 1734112766 0,600000 -1,000000 -101,000000 0,000000 0,000000
190 1734112767 1,200000 -1,000000 -101,000000 0,000000 0,000000
190 1734112768 1,200000 -1,000000 -101,000000 0,000000 0,000000
190 1734112769 1,200000 -1,000000 -101,000000 0,000000 0,000000
190 1734112770 1,200000 -1,000000 -101,000000 0,000000 0,000000
190 1734112771 1,200000 -1,000000 -101,000000 0,000000 0,000000
190 1734112777 1,200000 -1,000000 -101,000000 0,000000 0,000000
190 1734112778 1,200000 -1,000000 -101,000000 0,000000 0,000000
190 1734112779 1,200000 -1,000000 -101,000000 0,000000 0,000000
190 1734112780 1,200000 -1,000000 -101,000000 0,000000 0,000000
193 1734112771 1,000000 -1,000000 -101,000000 0,000000 0,000000
193 1734112777 1,200000 -1,000000 -101,000000 0,000000 0,000000
193 1734112778 1,200000 -1,000000 -101,000000 0,000000 0,000000
193 1734112779 1,200000 -1,000000 -101,000000 0,000000 0,000000
193 1734112780 1,200000 -1,000000 -101,000000 0,000000 0,000000
190 1734112781 1,200000 -1,000000 -101,000000 0,000000 0,000000
190 1734112787 1,200000 -1,000000 -101,000000 0,000000 0,000000
190 1734112788 1,200000 -1,000000 -101,000000 0,000000 0,000000
190 1734112789 1,200000 -1,000000 -101,000000 0,000000 0,000000
190 1734112790 1,200000 -1,000000 -101,000000 0,000000 0,000000
190 1734112791 1,200000 -1,000000 -101,000000 0,000000 0,000000
190 1734112792 3,600000 -1,000000 -101,000000 0,000000 0,000000
190 1734112793 3,600000 -1,000000 -101,000000 0,000000 0,000000
190 1734112794 3,600000 -1,000000 -101,000000 0,000000 0,000000
190 1734112795 3,600000 -1,000000 -101,000000 0,000000 0,000000
190 1734112796 3,600000 -1,000000 -101,000000 0,000000 0,000000
190 1734112797 1,200000 -1,000000 -101,000000 0,000000 0,000000
190 1734112798 1,200000 -1,000000 -101,000000 0,000000 0,000000
190 1734112799 1,200000 -1,000000 -101,000000 0,000000 0,000000
190 1734112800 1,200000 -1,000000 -101,000000 0,000000 0,000000
193 1734112781 1,200000 -1,000000 -101,000000 0,000000 0,000000
193 1734112787 1,200000 -1,000000 -101,000000 0,000000 0,000000
193 1734112788 1,200000 -1,000000 -101,000000 0,000000 0,000000
193 1734112789 1,200000 -1,000000 -101,000000 0,000000 0,000000
193 1734112790 1,200000 -1,000000 -101,000000 0,000000 0,000000
193 1734112791 1,200000 -1,000000 -101,000000 0,000000 0,000000
193 1734112792 3,000000 -1,000000 -101,000000 0,000000 0,000000
193 1734112793 3,000000 -1,000000 -101,000000 0,000000 0,000000
193 1734112794 3,000000 -1,000000 -101,000000 0,000000 0,000000
193 1734112795 3,000000 -1,000000 -101,000000 0,000000 0,000000
193 1734112796 3,000000 -1,000000 -101,000000 0,000000 0,000000
193 1734112797 1,200000 -1,000000 -101,000000 0,000000 0,000000
193 1734112798 1,200000 -1,000000 -101,000000 0,000000 0,000000
193 1734112799 1,200000 -1,000000 -101,000000 0,000000 0,000000
193 1734112800 1,200000 -1,000000 -101,000000 0,000000 0,000000
190 1734112801 1,200000 -1,000000 -101,000000 0,000000 0,000000
190 1734112812 2,400000 -1,000000 -101,000000 0,000000 0,000000
190 1734112813 2,400000 -1,000000 -101,000000 0,000000 0,000000
190 1734112814 2,400000 -1,000000 -101,000000 0,000000 0,000000
190 1734112815 2,400000 -1,000000 -101,000000 0,000000 0,000000
193 1734112801 1,200000 -1,000000 -101,000000 0,000000 0,000000
193 1734112812 2,200000 -1,000000 -101,000000 0,000000 0,000000
193 1734112813 2,200000 -1,000000 -101,000000 0,000000 0,000000
193 1734112814 2,200000 -1,000000 -101,000000 0,000000 0,000000
193 1734112815 2,200000 -1,000000 -101,000000 0,000000 0,000000
190 1734112816 2,400000 -1,000000 -101,000000 0,000000 0,000000
193 1734112816 2,200000 -1,000000 -101,000000 0,000000 0,000000
190 1734112822 2,400000 -1,000000 -101,000000 0,000000 0,000000
190 1734112823 2,400000 -1,000000 -101,000000 0,000000 0,000000
190 1734112824 2,400000 -1,000000 -101,000000 0,000000 0,000000
190 1734112825 2,400000 -1,000000 -101,000000 0,000000 0,000000
190 1734112826 2,400000 -1,000000 -101,000000 0,000000 0,000000
193 1734112822 2,600000 -1,000000 -101,000000 0,000000 0,000000
193 1734112823 2,600000 -1,000000 -101,000000 0,000000 0,000000
193 1734112824 2,600000 -1,000000 -101,000000 0,000000 0,000000
193 1734112825 2,600000 -1,000000 -101,000000 0,000000 0,000000
193 1734112826 2,600000 -1,000000 -101,000000 0,000000 0,000000
193 1734112827 0,600000 -1,000000 -101,000000 0,000000 0,000000
193 1734112828 0,600000 -1,000000 -101,000000 0,000000 0,000000
193 1734112829 0,600000 -1,000000 -101,000000 0,000000 0,000000
193 1734112830 0,600000 -1,000000 -101,000000 0,000000 0,000000
190 1734112837 1,600000 -1,000000 -101,000000 0,000000 0,000000
190 1734112838 1,600000 -1,000000 -101,000000 0,000000 0,000000
190 1734112839 1,600000 -1,000000 -101,000000 0,000000 0,000000
190 1734112840 1,600000 -1,000000 -101,000000 0,000000 0,000000
193 1734112831 0,600000 -1,000000 -101,000000 0,000000 0,000000
193 1734112837 1,800000 -1,000000 -101,000000 0,000000 0,000000
193 1734112838 1,800000 -1,000000 -101,000000 0,000000 0,000000
193 1734112839 1,800000 -1,000000 -101,000000 0,000000 0,000000
193 1734112840 1,800000 -1,000000 -101,000000 0,000000 0,000000
193 1734112841 1,800000 -1,000000 -101,000000 0,000000 0,000000
190 1734112841 1,600000 -1,000000 -101,000000 0,000000 0,000000
190 1734112857 1,200000 -1,000000 -101,000000 0,000000 0,000000
190 1734112858 1,200000 -1,000000 -101,000000 0,000000 0,000000
190 1734112859 1,200000 -1,000000 -101,000000 0,000000 0,000000
190 1734112860 1,200000 -1,000000 -101,000000 0,000000 0,000000
193 1734112857 1,200000 -1,000000 -101,000000 0,000000 0,000000
193 1734112858 1,200000 -1,000000 -101,000000 0,000000 0,000000
193 1734112859 1,200000 -1,000000 -101,000000 0,000000 0,000000
193 1734112860 1,200000 -1,000000 -101,000000 0,000000 0,000000
190 1734112861 1,200000 -1,000000 -101,000000 0,000000 0,000000
190 1734112872 4,800000 -1,000000 -101,000000 0,000000 0,000000
190 1734112873 4,800000 -1,000000 -101,000000 0,000000 0,000000
190 1734112874 4,800000 -1,000000 -101,000000 0,000000 0,000000
190 1734112875 4,800000 -1,000000 -101,000000 0,000000 0,000000
190 1734112876 4,800000 -1,000000 -101,000000 0,000000 0,000000
193 1734112861 1,200000 -1,000000 -101,000000 0,000000 0,000000
193 1734112872 4,400000 -1,000000 -101,000000 0,000000 0,000000
193 1734112873 4,400000 -1,000000 -101,000000 0,000000 0,000000
193 1734112874 4,400000 -1,000000 -101,000000 0,000000 0,000000
193 1734112875 4,400000 -1,000000 -101,000000 0,000000 0,000000
193 1734112876 4,400000 -1,000000 -101,000000 0,000000 0,000000
193 1734112877 1,000000 -1,000000 -101,000000 0,000000 0,000000
193 1734112878 1,000000 -1,000000 -101,000000 0,000000 0,000000
193 1734112879 1,000000 -1,000000 -101,000000 0,000000 0,000000
193 1734112880 1,000000 -1,000000 -101,000000 0,000000 0,000000
193 1734112881 1,000000 -1,000000 -101,000000 0,000000 0,000000
193 1734112887 3,200000 -1,000000 -101,000000 0,000000 0,000000
193 1734112888 3,200000 -1,000000 -101,000000 0,000000 0,000000
193 1734112889 3,200000 -1,000000 -101,000000 0,000000 0,000000
193 1734112890 3,200000 -1,000000 -101,000000 0,000000 0,000000
193 1734112891 3,200000 -1,000000 -101,000000 0,000000 0,000000
190 1734112877 1,200000 -1,000000 -101,000000 0,000000 0,000000
190 1734112878 1,200000 -1,000000 -101,000000 0,000000 0,000000
190 1734112879 1,200000 -1,000000 -101,000000 0,000000 0,000000
190 1734112880 1,200000 -1,000000 -101,000000 0,000000 0,000000
190 1734112881 1,200000 -1,000000 -101,000000 0,000000 0,000000
190 1734112887 3,600000 -1,000000 -101,000000 0,000000 0,000000
190 1734112888 3,600000 -1,000000 -101,000000 0,000000 0,000000
190 1734112889 3,600000 -1,000000 -101,000000 0,000000 0,000000
190 1734112890 3,600000 -1,000000 -101,000000 0,000000 0,000000
190 1734112891 3,600000 -1,000000 -101,000000 0,000000 0,000000
190 1734112897 1,200000 -1,000000 -101,000000 0,000000 0,000000
190 1734112898 1,200000 -1,000000 -101,000000 0,000000 0,000000
190 1734112899 1,200000 -1,000000 -101,000000 0,000000 0,000000
190 1734112900 1,200000 -1,000000 -101,000000 0,000000 0,000000
190 1734112901 1,200000 -1,000000 -101,000000 0,000000 0,000000
193 1734112897 1,200000 -1,000000 -101,000000 0,000000 0,000000
193 1734112898 1,200000 -1,000000 -101,000000 0,000000 0,000000
193 1734112899 1,200000 -1,000000 -101,000000 0,000000 0,000000
193 1734112900 1,200000 -1,000000 -101,000000 0,000000 0,000000
193 1734112901 1,200000 -1,000000 -101,000000 0,000000 0,000000
193 1734112902 0,200000 -1,000000 -101,000000 0,000000 0,000000
193 1734112903 0,200000 -1,000000 -101,000000 0,000000 0,000000
193 1734112904 0,200000 -1,000000 -101,000000 0,000000 0,000000
193 1734112905 0,200000 -1,000000 -101,000000 0,000000 0,000000
193 1734112906 0,200000 -1,000000 -101,000000 0,000000 0,000000
193 1734112907 0,600000 -1,000000 -101,000000 0,000000 0,000000
193 1734112908 0,600000 -1,000000 -101,000000 0,000000 0,000000
193 1734112909 0,600000 -1,000000 -101,000000 0,000000 0,000000
193 1734112910 0,600000 -1,000000 -101,000000 0,000000 0,000000
193 1734112911 0,600000 -1,000000 -101,000000 0,000000 0,000000
193 1734112912 1,400000 -1,000000 -101,000000 0,000000 0,000000
193 1734112913 1,400000 -1,000000 -101,000000 0,000000 0,000000
193 1734112914 1,400000 -1,000000 -101,000000 0,000000 0,000000
193 1734112915 1,400000 -1,000000 -101,000000 0,000000 0,000000
193 1734112916 1,400000 -1,000000 -101,000000 0,000000 0,000000
193 1734112917 1,600000 -1,000000 -101,000000 0,000000 0,000000
193 1734112918 1,600000 -1,000000 -101,000000 0,000000 0,000000
193 1734112919 1,600000 -1,000000 -101,000000 0,000000 0,000000
193 1734112920 1,600000 -1,000000 -101,000000 0,000000 0,000000
193 1734112921 1,600000 -1,000000 -101,000000 0,000000 0,000000
190 1734112912 1,400000 -1,000000 -101,000000 0,000000 0,000000
190 1734112913 1,400000 -1,000000 -101,000000 0,000000 0,000000
190 1734112914 1,400000 -1,000000 -101,000000 0,000000 0,000000
190 1734112915 1,400000 -1,000000 -101,000000 0,000000 0,000000
190 1734112916 1,400000 -1,000000 -101,000000 0,000000 0,000000
190 1734112917 1,400000 -1,000000 -101,000000 0,000000 0,000000
190 1734112918 1,400000 -1,000000 -101,000000 0,000000 0,000000
190 1734112919 1,400000 -1,000000 -101,000000 0,000000 0,000000
190 1734112920 1,400000 -1,000000 -101,000000 0,000000 0,000000
190 1734112921 1,400000 -1,000000 -101,000000 0,000000 0,000000
190 1734112932 1,200000 -1,000000 -101,000000 0,000000 0,000000
190 1734112933 1,200000 -1,000000 -101,000000 0,000000 0,000000
190 1734112934 1,200000 -1,000000 -101,000000 0,000000 0,000000
190 1734112935 1,200000 -1,000000 -101,000000 0,000000 0,000000
190 1734112936 1,200000 -1,000000 -101,000000 0,000000 0,000000
193 1734112932 1,200000 -1,000000 -101,000000 0,000000 0,000000
193 1734112933 1,200000 -1,000000 -101,000000 0,000000 0,000000
193 1734112934 1,200000 -1,000000 -101,000000 0,000000 0,000000
193 1734112935 1,200000 -1,000000 -101,000000 0,000000 0,000000
193 1734112936 1,200000 -1,000000 -101,000000 0,000000 0,000000
193 1734112947 0,200000 -1,000000 -101,000000 0,000000 0,000000
193 1734112948 0,200000 -1,000000 -101,000000 0,000000 0,000000
193 1734112949 0,200000 -1,000000 -101,000000 0,000000 0,000000
193 1734112950 0,200000 -1,000000 -101,000000 0,000000 0,000000
193 1734112951 0,200000 -1,000000 -101,000000 0,000000 0,000000
193 1734112952 3,000000 -1,000000 -101,000000 0,000000 0,000000
193 1734112953 3,000000 -1,000000 -101,000000 0,000000 0,000000
193 1734112954 3,000000 -1,000000 -101,000000 0,000000 0,000000
193 1734112955 3,000000 -1,000000 -101,000000 0,000000 0,000000
193 1734112956 3,000000 -1,000000 -101,000000 0,000000 0,000000
193 1734112957 1,000000 -1,000000 -101,000000 0,000000 0,000000
193 1734112958 1,000000 -1,000000 -101,000000 0,000000 0,000000
193 1734112959 1,000000 -1,000000 -101,000000 0,000000 0,000000
193 1734112960 1,000000 -1,000000 -101,000000 0,000000 0,000000
193 1734112961 1,000000 -1,000000 -101,000000 0,000000 0,000000
193 1734112962 2,000000 -1,000000 -101,000000 0,000000 0,000000
193 1734112963 2,000000 -1,000000 -101,000000 0,000000 0,000000
