949 1733950117 10,800000 -1,000000 -101,000000 0,000000 0,000000
949 1733950118 10,800000 -1,000000 -101,000000 0,000000 0,000000
952 1733950117 1,800000 -1,000000 -101,000000 0,000000 0,000000
952 1733950118 1,800000 -1,000000 -101,000000 0,000000 0,000000
949 1733950119 10,800000 -1,000000 -101,000000 0,000000 0,000000
949 1733950120 10,800000 -1,000000 -101,000000 0,000000 0,000000
949 1733950121 10,800000 -1,000000 -101,000000 0,000000 0,000000
952 1733950119 1,800000 -1,000000 -101,000000 0,000000 0,000000
952 1733950120 1,800000 -1,000000 -101,000000 0,000000 0,000000
952 1733950121 1,800000 -1,000000 -101,000000 0,000000 0,000000
949 1733950127 0,200000 -1,000000 -101,000000 0,000000 0,000000
949 1733950128 0,200000 -1,000000 -101,000000 0,000000 0,000000
949 1733950129 0,200000 -1,000000 -101,000000 0,000000 0,000000
949 1733950130 0,200000 -1,000000 -101,000000 0,000000 0,000000
949 1733950131 0,200000 -1,000000 -101,000000 0,000000 0,000000
952 1733950142 0,200000 -1,000000 -101,000000 0,000000 0,000000
952 1733950143 0,200000 -1,000000 -101,000000 0,000000 0,000000
952 1733950144 0,200000 -1,000000 -101,000000 0,000000 0,000000
952 1733950145 0,200000 -1,000000 -101,000000 0,000000 0,000000
952 1733950146 0,200000 -1,000000 -101,000000 0,000000 0,000000
952 1733950147 0,600000 -1,000000 -101,000000 0,000000 0,000000
952 1733950148 0,600000 -1,000000 -101,000000 0,000000 0,000000
949 1733950152 1,200000 -1,000000 -101,000000 0,000000 0,000000
949 1733950153 1,200000 -1,000000 -101,000000 0,000000 0,000000
952 1733950149 0,600000 -1,000000 -101,000000 0,000000 0,000000
952 1733950150 0,600000 -1,000000 -101,000000 0,000000 0,000000
952 1733950151 0,600000 -1,000000 -101,000000 0,000000 0,000000
952 1733950152 1,400000 -1,000000 -101,000000 0,000000 0,000000
952 1733950153 1,400000 -1,000000 -101,000000 0,000000 0,000000
952 1733950154 1,400000 -1,000000 -101,000000 0,000000 0,000000
952 1733950155 1,400000 -1,000000 -101,000000 0,000000 0,000000
952 1733950156 1,400000 -1,000000 -101,000000 0,000000 0,000000
949 1733950154 1,200000 -1,000000 -101,000000 0,000000 0,000000
949 1733950155 1,200000 -1,000000 -101,000000 0,000000 0,000000
949 1733950156 1,200000 -1,000000 -101,000000 0,000000 0,000000
949 1733950162 1,200000 -1,000000 -101,000000 0,000000 0,000000
949 1733950163 1,200000 -1,000000 -101,000000 0,000000 0,000000
952 1733950162 1,400000 -1,000000 -101,000000 0,000000 0,000000
952 1733950163 1,400000 -1,000000 -101,000000 0,000000 0,000000
949 1733950164 1,200000 -1,000000 -101,000000 0,000000 0,000000
949 1733950165 1,200000 -1,000000 -101,000000 0,000000 0,000000
949 1733950166 1,200000 -1,000000 -101,000000 0,000000 0,000000
949 1733950177 3,600000 -1,000000 -101,000000 0,000000 0,000000
949 1733950178 3,600000 -1,000000 -101,000000 0,000000 0,000000
952 1733950164 1,400000 -1,000000 -101,000000 0,000000 0,000000
952 1733950165 1,400000 -1,000000 -101,000000 0,000000 0,000000
952 1733950166 1,400000 -1,000000 -101,000000 0,000000 0,000000
952 1733950177 3,000000 -1,000000 -101,000000 0,000000 0,000000
952 1733950178 3,000000 -1,000000 -101,000000 0,000000 0,000000
949 1733950179 3,600000 -1,000000 -101,000000 0,000000 0,000000
949 1733950180 3,600000 -1,000000 -101,000000 0,000000 0,000000
949 1733950181 3,600000 -1,000000 -101,000000 0,000000 0,000000
952 1733950179 3,000000 -1,000000 -101,000000 0,000000 0,000000
952 1733950180 3,000000 -1,000000 -101,000000 0,000000 0,000000
952 1733950181 3,000000 -1,000000 -101,000000 0,000000 0,000000
949 1733950187 2,400000 -1,000000 -101,000000 0,000000 0,000000
949 1733950188 2,400000 -1,000000 -101,000000 0,000000 0,000000
949 1733950189 2,400000 -1,000000 -101,000000 0,000000 0,000000
949 1733950190 2,400000 -1,000000 -101,000000 0,000000 0,000000
949 1733950191 2,400000 -1,000000 -101,000000 0,000000 0,000000
949 1733950192 2,400000 -1,000000 -101,000000 0,000000 0,000000
949 1733950193 2,400000 -1,000000 -101,000000 0,000000 0,000000
949 1733950194 2,400000 -1,000000 -101,000000 0,000000 0,000000
949 1733950195 2,400000 -1,000000 -101,000000 0,000000 0,000000
949 1733950196 2,400000 -1,000000 -101,000000 0,000000 0,000000
952 1733950187 2,200000 -1,000000 -101,000000 0,000000 0,000000
952 1733950188 2,200000 -1,000000 -101,000000 0,000000 0,000000
952 1733950189 2,200000 -1,000000 -101,000000 0,000000 0,000000
952 1733950190 2,200000 -1,000000 -101,000000 0,000000 0,000000
952 1733950191 2,200000 -1,000000 -101,000000 0,000000 0,000000
952 1733950192 2,200000 -1,000000 -101,000000 0,000000 0,000000
952 1733950193 2,200000 -1,000000 -101,000000 0,000000 0,000000
952 1733950194 2,200000 -1,000000 -101,000000 0,000000 0,000000
952 1733950195 2,200000 -1,000000 -101,000000 0,000000 0,000000
952 1733950196 2,200000 -1,000000 -101,000000 0,000000 0,000000
952 1733950207 0,200000 -1,000000 -101,000000 0,000000 0,000000
952 1733950208 0,200000 -1,000000 -101,000000 0,000000 0,000000
952 1733950209 0,200000 -1,000000 -101,000000 0,000000 0,000000
952 1733950210 0,200000 -1,000000 -101,000000 0,000000 0,000000
952 1733950211 0,200000 -1,000000 -101,000000 0,000000 0,000000
952 1733950212 1,600000 -1,000000 -101,000000 0,000000 0,000000
952 1733950213 1,600000 -1,000000 -101,000000 0,000000 0,000000
949 1733950212 1,200000 -1,000000 -101,000000 0,000000 0,000000
949 1733950213 1,200000 -1,000000 -101,000000 0,000000 0,000000
949 1733950214 1,200000 -1,000000 -101,000000 0,000000 0,000000
949 1733950215 1,200000 -1,000000 -101,000000 0,000000 0,000000
949 1733950216 1,200000 -1,000000 -101,000000 0,000000 0,000000
949 1733950222 1,200000 -1,000000 -101,000000 0,000000 0,000000
949 1733950223 1,200000 -1,000000 -101,000000 0,000000 0,000000
949 1733950224 1,200000 -1,000000 -101,000000 0,000000 0,000000
949 1733950225 1,200000 -1,000000 -101,000000 0,000000 0,000000
949 1733950226 1,200000 -1,000000 -101,000000 0,000000 0,000000
949 1733950237 3,600000 -1,000000 -101,000000 0,000000 0,000000
949 1733950238 3,600000 -1,000000 -101,000000 0,000000 0,000000
952 1733950214 1,600000 -1,000000 -101,000000 0,000000 0,000000
952 1733950215 1,600000 -1,000000 -101,000000 0,000000 0,000000
952 1733950216 1,600000 -1,000000 -101,000000 0,000000 0,000000
952 1733950217 0,200000 -1,000000 -101,000000 0,000000 0,000000
952 1733950218 0,200000 -1,000000 -101,000000 0,000000 0,000000
952 1733950219 0,200000 -1,000000 -101,000000 0,000000 0,000000
952 1733950220 0,200000 -1,000000 -101,000000 0,000000 0,000000
952 1733950221 0,200000 -1,000000 -101,000000 0,000000 0,000000
952 1733950222 1,600000 -1,000000 -101,000000 0,000000 0,000000
952 1733950223 1,600000 -1,000000 -101,000000 0,000000 0,000000
952 1733950224 1,600000 -1,000000 -101,000000 0,000000 0,000000
952 1733950225 1,600000 -1,000000 -101,000000 0,000000 0,000000
952 1733950226 1,600000 -1,000000 -101,000000 0,000000 0,000000
952 1733950237 3,000000 -1,000000 -101,000000 0,000000 0,000000
952 1733950238 3,000000 -1,000000 -101,000000 0,000000 0,000000
949 1733950239 3,600000 -1,000000 -101,000000 0,000000 0,000000
949 1733950240 3,600000 -1,000000 -101,000000 0,000000 0,000000
949 1733950241 3,600000 -1,000000 -101,000000 0,000000 0,000000
952 1733950239 3,000000 -1,000000 -101,000000 0,000000 0,000000
952 1733950240 3,000000 -1,000000 -101,000000 0,000000 0,000000
952 1733950241 3,000000 -1,000000 -101,000000 0,000000 0,000000
952 1733950262 3,400000 -1,000000 -101,000000 0,000000 0,000000
952 1733950263 3,400000 -1,000000 -101,000000 0,000000 0,000000
952 1733950264 3,400000 -1,000000 -101,000000 0,000000 0,000000
952 1733950265 3,400000 -1,000000 -101,000000 0,000000 0,000000
952 1733950266 3,400000 -1,000000 -101,000000 0,000000 0,000000
952 1733950267 3,400000 -1,000000 -101,000000 0,000000 0,000000
952 1733950268 3,400000 -1,000000 -101,000000 0,000000 0,000000
949 1733950262 3,600000 -1,000000 -101,000000 0,000000 0,000000
949 1733950263 3,600000 -1,000000 -101,000000 0,000000 0,000000
949 1733950264 3,600000 -1,000000 -101,000000 0,000000 0,000000
949 1733950265 3,600000 -1,000000 -101,000000 0,000000 0,000000
949 1733950266 3,600000 -1,000000 -101,000000 0,000000 0,000000
949 1733950267 3,600000 -1,000000 -101,000000 0,000000 0,000000
949 1733950268 3,600000 -1,000000 -101,000000 0,000000 0,000000
949 1733950269 3,600000 -1,000000 -101,000000 0,000000 0,000000
949 1733950270 3,600000 -1,000000 -101,000000 0,000000 0,000000
949 1733950271 3,600000 -1,000000 -101,000000 0,000000 0,000000
952 1733950269 3,400000 -1,000000 -101,000000 0,000000 0,000000
952 1733950270 3,400000 -1,000000 -101,000000 0,000000 0,000000
952 1733950271 3,400000 -1,000000 -101,000000 0,000000 0,000000
952 1733950272 0,400000 -1,000000 -101,000000 0,000000 0,000000
952 1733950273 0,400000 -1,000000 -101,000000 0,000000 0,000000
952 1733950274 0,400000 -1,000000 -101,000000 0,000000 0,000000
952 1733950275 0,400000 -1,000000 -101,000000 0,000000 0,000000
952 1733950276 0,400000 -1,000000 -101,000000 0,000000 0,000000
949 1733950297 4,800000 -1,000000 -101,000000 0,000000 0,000000
949 1733950298 4,800000 -1,000000 -101,000000 0,000000 0,000000
952 1733950292 0,200000 -1,000000 -101,000000 0,000000 0,000000
952 1733950293 0,200000 -1,000000 -101,000000 0,000000 0,000000
952 1733950294 0,200000 -1,000000 -101,000000 0,000000 0,000000
952 1733950295 0,200000 -1,000000 -101,000000 0,000000 0,000000
952 1733950296 0,200000 -1,000000 -101,000000 0,000000 0,000000
952 1733950297 4,400000 -1,000000 -101,000000 0,000000 0,000000
952 1733950298 4,400000 -1,000000 -101,000000 0,000000 0,000000
949 1733950299 4,800000 -1,000000 -101,000000 0,000000 0,000000
949 1733950300 4,800000 -1,000000 -101,000000 0,000000 0,000000
949 1733950301 4,800000 -1,000000 -101,000000 0,000000 0,000000
952 1733950299 4,400000 -1,000000 -101,000000 0,000000 0,000000
952 1733950300 4,400000 -1,000000 -101,000000 0,000000 0,000000
952 1733950301 4,400000 -1,000000 -101,000000 0,000000 0,000000
949 1733950307 1,200000 -1,000000 -101,000000 0,000000 0,000000
949 1733950308 1,200000 -1,000000 -101,000000 0,000000 0,000000
952 1733950307 1,200000 -1,000000 -101,000000 0,000000 0,000000
952 1733950308 1,200000 -1,000000 -101,000000 0,000000 0,000000
952 1733950309 1,200000 -1,000000 -101,000000 0,000000 0,000000
952 1733950310 1,200000 -1,000000 -101,000000 0,000000 0,000000
952 1733950311 1,200000 -1,000000 -101,000000 0,000000 0,000000
952 1733950327 0,400000 -1,000000 -101,000000 0,000000 0,000000
952 1733950328 0,400000 -1,000000 -101,000000 0,000000 0,000000
952 1733950329 0,400000 -1,000000 -101,000000 0,000000 0,000000
952 1733950330 0,400000 -1,000000 -101,000000 0,000000 0,000000
952 1733950331 0,400000 -1,000000 -101,000000 0,000000 0,000000
952 1733950332 1,400000 -1,000000 -101,000000 0,000000 0,000000
952 1733950333 1,400000 -1,000000 -101,000000 0,000000 0,000000
949 1733950309 1,200000 -1,000000 -101,000000 0,000000 0,000000
949 1733950310 1,200000 -1,000000 -101,000000 0,000000 0,000000
949 1733950311 1,200000 -1,000000 -101,000000 0,000000 0,000000
949 1733950332 1,200000 -1,000000 -101,000000 0,000000 0,000000
949 1733950333 1,200000 -1,000000 -101,000000 0,000000 0,000000
949 1733950334 1,200000 -1,000000 -101,000000 0,000000 0,000000
949 1733950335 1,200000 -1,000000 -101,000000 0,000000 0,000000
949 1733950336 1,200000 -1,000000 -101,000000 0,000000 0,000000
949 1733950337 1,200000 -1,000000 -101,000000 0,000000 0,000000
949 1733950338 1,200000 -1,000000 -101,000000 0,000000 0,000000
949 1733950339 1,200000 -1,000000 -101,000000 0,000000 0,000000
949 1733950340 1,200000 -1,000000 -101,000000 0,000000 0,000000
949 1733950341 1,200000 -1,000000 -101,000000 0,000000 0,000000
949 1733950342 1,200000 -1,000000 -101,000000 0,000000 0,000000
949 1733950343 1,200000 -1,000000 -101,000000 0,000000 0,000000
952 1733950334 1,400000 -1,000000 -101,000000 0,000000 0,000000
952 1733950335 1,400000 -1,000000 -101,000000 0,000000 0,000000
952 1733950336 1,400000 -1,000000 -101,000000 0,000000 0,000000
952 1733950337 1,000000 -1,000000 -101,000000 0,000000 0,000000
952 1733950338 1,000000 -1,000000 -101,000000 0,000000 0,000000
952 1733950339 1,000000 -1,000000 -101,000000 0,000000 0,000000
952 1733950340 1,000000 -1,000000 -101,000000 0,000000 0,000000
952 1733950341 1,000000 -1,000000 -101,000000 0,000000 0,000000
952 1733950342 1,200000 -1,000000 -101,000000 0,000000 0,000000
952 1733950343 1,200000 -1,000000 -101,000000 0,000000 0,000000
949 1733950344 1,200000 -1,000000 -101,000000 0,000000 0,000000
949 1733950345 1,200000 -1,000000 -101,000000 0,000000 0,000000
949 1733950346 1,200000 -1,000000 -101,000000 0,000000 0,000000
949 1733950347 1,200000 -1,000000 -101,000000 0,000000 0,000000
949 1733950348 1,200000 -1,000000 -101,000000 0,000000 0,000000
952 1733950344 1,200000 -1,000000 -101,000000 0,000000 0,000000
952 1733950345 1,200000 -1,000000 -101,000000 0,000000 0,000000
952 1733950346 1,200000 -1,000000 -101,000000 0,000000 0,000000
952 1733950347 1,000000 -1,000000 -101,000000 0,000000 0,000000
952 1733950348 1,000000 -1,000000 -101,000000 0,000000 0,000000
949 1733950349 1,200000 -1,000000 -101,000000 0,000000 0,000000
949 1733950350 1,200000 -1,000000 -101,000000 0,000000 0,000000
949 1733950351 1,200000 -1,000000 -101,000000 0,000000 0,000000
949 1733950357 4,800000 -1,000000 -101,000000 0,000000 0,000000
949 1733950358 4,800000 -1,000000 -101,000000 0,000000 0,000000
952 1733950349 1,000000 -1,000000 -101,000000 0,000000 0,000000
952 1733950350 1,000000 -1,000000 -101,000000 0,000000 0,000000
952 1733950351 1,000000 -1,000000 -101,000000 0,000000 0,000000
952 1733950357 4,200000 -1,000000 -101,000000 0,000000 0,000000
952 1733950358 4,200000 -1,000000 -101,000000 0,000000 0,000000
949 1733950359 4,800000 -1,000000 -101,000000 0,000000 0,000000
949 1733950360 4,800000 -1,000000 -101,000000 0,000000 0,000000
949 1733950361 4,800000 -1,000000 -101,000000 0,000000 0,000000
952 1733950359 4,200000 -1,000000 -101,000000 0,000000 0,000000
952 1733950360 4,200000 -1,000000 -101,000000 0,000000 0,000000
952 1733950361 4,200000 -1,000000 -101,000000 0,000000 0,000000
949 1733950367 1,200000 -1,000000 -101,000000 0,000000 0,000000
949 1733950368 1,200000 -1,000000 -101,000000 0,000000 0,000000
949 1733950369 1,200000 -1,000000 -101,000000 0,000000 0,000000
949 1733950370 1,200000 -1,000000 -101,000000 0,000000 0,000000
949 1733950371 1,200000 -1,000000 -101,000000 0,000000 0,000000
952 1733950367 1,400000 -1,000000 -101,000000 0,000000 0,000000
952 1733950368 1,400000 -1,000000 -101,000000 0,000000 0,000000
952 1733950369 1,400000 -1,000000 -101,000000 0,000000 0,000000
952 1733950370 1,400000 -1,000000 -101,000000 0,000000 0,000000
952 1733950371 1,400000 -1,000000 -101,000000 0,000000 0,000000
952 1733950372 0,400000 -1,000000 -101,000000 0,000000 0,000000
952 1733950373 0,400000 -1,000000 -101,000000 0,000000 0,000000
952 1733950374 0,400000 -1,000000 -101,000000 0,000000 0,000000
952 1733950375 0,400000 -1,000000 -101,000000 0,000000 0,000000
952 1733950376 0,400000 -1,000000 -101,000000 0,000000 0,000000
952 1733950387 0,200000 -1,000000 -101,000000 0,000000 0,000000
952 1733950388 0,200000 -1,000000 -101,000000 0,000000 0,000000
952 1733950389 0,200000 -1,000000 -101,000000 0,000000 0,000000
952 1733950390 0,200000 -1,000000 -101,000000 0,000000 0,000000
952 1733950391 0,200000 -1,000000 -101,000000 0,000000 0,000000
952 1733950392 0,400000 -1,000000 -101,000000 0,000000 0,000000
952 1733950393 0,400000 -1,000000 -101,000000 0,000000 0,000000
949 1733950402 2,400000 -1,000000 -101,000000 0,000000 0,000000
949 1733950403 2,400000 -1,000000 -101,000000 0,000000 0,000000
949 1733950404 2,400000 -1,000000 -101,000000 0,000000 0,000000
949 1733950405 2,400000 -1,000000 -101,000000 0,000000 0,000000
949 1733950406 2,400000 -1,000000 -101,000000 0,000000 0,000000
949 1733950407 1,200000 -1,000000 -101,000000 0,000000 0,000000
949 1733950408 1,200000 -1,000000 -101,000000 0,000000 0,000000
949 1733950409 1,200000 -1,000000 -101,000000 0,000000 0,000000
949 1733950410 1,200000 -1,000000 -101,000000 0,000000 0,000000
949 1733950411 1,200000 -1,000000 -101,000000 0,000000 0,000000
949 1733950417 4,800000 -1,000000 -101,000000 0,000000 0,000000
949 1733950418 4,800000 -1,000000 -101,000000 0,000000 0,000000
952 1733950394 0,400000 -1,000000 -101,000000 0,000000 0,000000
952 1733950395 0,400000 -1,000000 -101,000000 0,000000 0,000000
952 1733950396 0,400000 -1,000000 -101,000000 0,000000 0,000000
952 1733950402 2,400000 -1,000000 -101,000000 0,000000 0,000000
952 1733950403 2,400000 -1,000000 -101,000000 0,000000 0,000000
952 1733950404 2,400000 -1,000000 -101,000000 0,000000 0,000000
952 1733950405 2,400000 -1,000000 -101,000000 0,000000 0,000000
952 1733950406 2,400000 -1,000000 -101,000000 0,000000 0,000000
952 1733950407 1,000000 -1,000000 -101,000000 0,000000 0,000000
952 1733950408 1,000000 -1,000000 -101,000000 0,000000 0,000000
952 1733950409 1,000000 -1,000000 -101,000000 0,000000 0,000000
952 1733950410 1,000000 -1,000000 -101,000000 0,000000 0,000000
952 1733950411 1,000000 -1,000000 -101,000000 0,000000 0,000000
952 1733950417 4,200000 -1,000000 -101,000000 0,000000 0,000000
952 1733950418 4,200000 -1,000000 -101,000000 0,000000 0,000000
949 1733950419 4,800000 -1,000000 -101,000000 0,000000 0,000000
949 1733950420 4,800000 -1,000000 -101,000000 0,000000 0,000000
949 1733950421 4,800000 -1,000000 -101,000000 0,000000 0,000000
949 1733950422 2,400000 -1,000000 -101,000000 0,000000 0,000000
949 1733950423 2,400000 -1,000000 -101,000000 0,000000 0,000000
952 1733950419 4,200000 -1,000000 -101,000000 0,000000 0,000000
952 1733950420 4,200000 -1,000000 -101,000000 0,000000 0,000000
952 1733950421 4,200000 -1,000000 -101,000000 0,000000 0,000000
952 1733950422 2,000000 -1,000000 -101,000000 0,000000 0,000000
952 1733950423 2,000000 -1,000000 -101,000000 0,000000 0,000000
949 1733950424 2,400000 -1,000000 -101,000000 0,000000 0,000000
949 1733950425 2,400000 -1,000000 -101,000000 0,000000 0,000000
949 1733950426 2,400000 -1,000000 -101,000000 0,000000 0,000000
952 1733950424 2,000000 -1,000000 -101,000000 0,000000 0,000000
952 1733950425 2,000000 -1,000000 -101,000000 0,000000 0,000000
952 1733950426 2,000000 -1,000000 -101,000000 0,000000 0,000000
949 1733950442 1,200000 -1,000000 -101,000000 0,000000 0,000000
949 1733950443 1,200000 -1,000000 -101,000000 0,000000 0,000000
952 1733950442 1,400000 -1,000000 -101,000000 0,000000 0,000000
952 1733950443 1,400000 -1,000000 -101,000000 0,000000 0,000000
952 1733950444 1,400000 -1,000000 -101,000000 0,000000 0,000000
952 1733950445 1,400000 -1,000000 -101,000000 0,000000 0,000000
952 1733950446 1,400000 -1,000000 -101,000000 0,000000 0,000000
952 1733950447 0,800000 -1,000000 -101,000000 0,000000 0,000000
952 1733950448 0,800000 -1,000000 -101,000000 0,000000 0,000000
949 1733950444 1,200000 -1,000000 -101,000000 0,000000 0,000000
949 1733950445 1,200000 -1,000000 -101,000000 0,000000 0,000000
949 1733950446 1,200000 -1,000000 -101,000000 0,000000 0,000000
949 1733950452 1,200000 -1,000000 -101,000000 0,000000 0,000000
949 1733950453 1,200000 -1,000000 -101,000000 0,000000 0,000000
952 1733950449 0,800000 -1,000000 -101,000000 0,000000 0,000000
952 1733950450 0,800000 -1,000000 -101,000000 0,000000 0,000000
952 1733950451 0,800000 -1,000000 -101,000000 0,000000 0,000000
952 1733950452 1,400000 -1,000000 -101,000000 0,000000 0,000000
952 1733950453 1,400000 -1,000000 -101,000000 0,000000 0,000000
952 1733950454 1,400000 -1,000000 -101,000000 0,000000 0,000000
952 1733950455 1,400000 -1,000000 -101,000000 0,000000 0,000000
952 1733950456 1,400000 -1,000000 -101,000000 0,000000 0,000000
949 1733950454 1,200000 -1,000000 -101,000000 0,000000 0,000000
949 1733950455 1,200000 -1,000000 -101,000000 0,000000 0,000000
949 1733950456 1,200000 -1,000000 -101,000000 0,000000 0,000000
949 1733950477 4,800000 -1,000000 -101,000000 0,000000 0,000000
949 1733950478 4,800000 -1,000000 -101,000000 0,000000 0,000000
949 1733950479 4,800000 -1,000000 -101,000000 0,000000 0,000000
952 1733950477 4,200000 -1,000000 -101,000000 0,000000 0,000000
952 1733950478 4,200000 -1,000000 -101,000000 0,000000 0,000000
952 1733950479 4,200000 -1,000000 -101,000000 0,000000 0,000000
949 1733950480 4,800000 -1,000000 -101,000000 0,000000 0,000000
949 1733950481 4,800000 -1,000000 -101,000000 0,000000 0,000000
949 1733950482 1,200000 -1,000000 -101,000000 0,000000 0,000000
949 1733950483 1,200000 -1,000000 -101,000000 0,000000 0,000000
949 1733950484 1,200000 -1,000000 -101,000000 0,000000 0,000000
949 1733950485 1,200000 -1,000000 -101,000000 0,000000 0,000000
949 1733950486 1,200000 -1,000000 -101,000000 0,000000 0,000000
952 1733950480 4,200000 -1,000000 -101,000000 0,000000 0,000000
952 1733950481 4,200000 -1,000000 -101,000000 0,000000 0,000000
952 1733950482 1,000000 -1,000000 -101,000000 0,000000 0,000000
952 1733950483 1,000000 -1,000000 -101,000000 0,000000 0,000000
952 1733950484 1,000000 -1,000000 -101,000000 0,000000 0,000000
952 1733950485 1,000000 -1,000000 -101,000000 0,000000 0,000000
952 1733950486 1,000000 -1,000000 -101,000000 0,000000 0,000000
952 1733950497 2,000000 -1,000000 -101,000000 0,000000 0,000000
952 1733950498 2,000000 -1,000000 -101,000000 0,000000 0,000000
952 1733950499 2,000000 -1,000000 -101,000000 0,000000 0,000000
952 1733950500 2,000000 -1,000000 -101,000000 0,000000 0,000000
952 1733950501 2,000000 -1,000000 -101,000000 0,000000 0,000000
952 1733950502 1,200000 -1,000000 -101,000000 0,000000 0,000000
952 1733950503 1,200000 -1,000000 -101,000000 0,000000 0,000000
952 1733950504 1,200000 -1,000000 -101,000000 0,000000 0,000000
952 1733950505 1,200000 -1,000000 -101,000000 0,000000 0,000000
952 1733950506 1,200000 -1,000000 -101,000000 0,000000 0,000000
952 1733950507 0,400000 -1,000000 -101,000000 0,000000 0,000000
952 1733950508 0,400000 -1,000000 -101,000000 0,000000 0,000000
952 1733950509 0,400000 -1,000000 -101,000000 0,000000 0,000000
949 1733950497 2,400000 -1,000000 -101,000000 0,000000 0,000000
949 1733950498 2,400000 -1,000000 -101,000000 0,000000 0,000000
949 1733950499 2,400000 -1,000000 -101,000000 0,000000 0,000000
949 1733950500 2,400000 -1,000000 -101,000000 0,000000 0,000000
949 1733950501 2,400000 -1,000000 -101,000000 0,000000 0,000000
949 1733950502 1,200000 -1,000000 -101,000000 0,000000 0,000000
949 1733950503 1,200000 -1,000000 -101,000000 0,000000 0,000000
949 1733950504 1,200000 -1,000000 -101,000000 0,000000 0,000000
949 1733950505 1,200000 -1,000000 -101,000000 0,000000 0,000000
949 1733950506 1,200000 -1,000000 -101,000000 0,000000 0,000000
949 1733950512 1,200000 -1,000000 -101,000000 0,000000 0,000000
949 1733950513 1,200000 -1,000000 -101,000000 0,000000 0,000000
949 1733950514 1,200000 -1,000000 -101,000000 0,000000 0,000000
952 1733950510 0,400000 -1,000000 -101,000000 0,000000 0,000000
952 1733950511 0,400000 -1,000000 -101,000000 0,000000 0,000000
952 1733950512 1,600000 -1,000000 -101,000000 0,000000 0,000000
952 1733950513 1,600000 -1,000000 -101,000000 0,000000 0,000000
952 1733950514 1,600000 -1,000000 -101,000000 0,000000 0,000000
949 1733950515 1,200000 -1,000000 -101,000000 0,000000 0,000000
949 1733950516 1,200000 -1,000000 -101,000000 0,000000 0,000000
952 1733950515 1,600000 -1,000000 -101,000000 0,000000 0,000000
952 1733950516 1,600000 -1,000000 -101,000000 0,000000 0,000000
952 1733950522 0,400000 -1,000000 -101,000000 0,000000 0,000000
952 1733950523 0,400000 -1,000000 -101,000000 0,000000 0,000000
952 1733950524 0,400000 -1,000000 -101,000000 0,000000 0,000000
952 1733950525 0,400000 -1,000000 -101,000000 0,000000 0,000000
952 1733950526 0,400000 -1,000000 -101,000000 0,000000 0,000000
949 1733950537 3,600000 -1,000000 -101,000000 0,000000 0,000000
949 1733950538 3,600000 -1,000000 -101,000000 0,000000 0,000000
949 1733950539 3,600000 -1,000000 -101,000000 0,000000 0,000000
952 1733950537 3,000000 -1,000000 -101,000000 0,000000 0,000000
952 1733950538 3,000000 -1,000000 -101,000000 0,000000 0,000000
952 1733950539 3,000000 -1,000000 -101,000000 0,000000 0,000000
952 1733950540 3,000000 -1,000000 -101,000000 0,000000 0,000000
952 1733950541 3,000000 -1,000000 -101,000000 0,000000 0,000000
949 1733950540 3,600000 -1,000000 -101,000000 0,000000 0,000000
949 1733950541 3,600000 -1,000000 -101,000000 0,000000 0,000000
949 1733950547 2,400000 -1,000000 -101,000000 0,000000 0,000000
949 1733950548 2,400000 -1,000000 -101,000000 0,000000 0,000000
949 1733950549 2,400000 -1,000000 -101,000000 0,000000 0,000000
949 1733950550 2,400000 -1,000000 -101,000000 0,000000 0,000000
949 1733950551 2,400000 -1,000000 -101,000000 0,000000 0,000000
949 1733950552 1,200000 -1,000000 -101,000000 0,000000 0,000000
949 1733950553 1,200000 -1,000000 -101,000000 0,000000 0,000000
949 1733950554 1,200000 -1,000000 -101,000000 0,000000 0,000000
949 1733950555 1,200000 -1,000000 -101,000000 0,000000 0,000000
949 1733950556 1,200000 -1,000000 -101,000000 0,000000 0,000000
952 1733950547 2,400000 -1,000000 -101,000000 0,000000 0,000000
952 1733950548 2,400000 -1,000000 -101,000000 0,000000 0,000000
952 1733950549 2,400000 -1,000000 -101,000000 0,000000 0,000000
952 1733950550 2,400000 -1,000000 -101,000000 0,000000 0,000000
952 1733950551 2,400000 -1,000000 -101,000000 0,000000 0,000000
952 1733950552 1,000000 -1,000000 -101,000000 0,000000 0,000000
952 1733950553 1,000000 -1,000000 -101,000000 0,000000 0,000000
952 1733950554 1,000000 -1,000000 -101,000000 0,000000 0,000000
952 1733950555 1,000000 -1,000000 -101,000000 0,000000 0,000000
952 1733950556 1,000000 -1,000000 -101,000000 0,000000 0,000000
952 1733950567 0,400000 -1,000000 -101,000000 0,000000 0,000000
952 1733950568 0,400000 -1,000000 -101,000000 0,000000 0,000000
952 1733950569 0,400000 -1,000000 -101,000000 0,000000 0,000000
952 1733950570 0,400000 -1,000000 -101,000000 0,000000 0,000000
952 1733950571 0,400000 -1,000000 -101,000000 0,000000 0,000000
952 1733950572 3,400000 -1,000000 -101,000000 0,000000 0,000000
952 1733950573 3,400000 -1,000000 -101,000000 0,000000 0,000000
952 1733950574 3,400000 -1,000000 -101,000000 0,000000 0,000000
949 1733950572 3,600000 -1,000000 -101,000000 0,000000 0,000000
949 1733950573 3,600000 -1,000000 -101,000000 0,000000 0,000000
949 1733950574 3,600000 -1,000000 -101,000000 0,000000 0,000000
949 1733950575 3,600000 -1,000000 -101,000000 0,000000 0,000000
949 1733950576 3,600000 -1,000000 -101,000000 0,000000 0,000000
949 1733950582 1,200000 -1,000000 -101,000000 0,000000 0,000000
949 1733950583 1,200000 -1,000000 -101,000000 0,000000 0,000000
949 1733950584 1,200000 -1,000000 -101,000000 0,000000 0,000000
952 1733950575 3,400000 -1,000000 -101,000000 0,000000 0,000000
952 1733950576 3,400000 -1,000000 -101,000000 0,000000 0,000000
952 1733950582 1,200000 -1,000000 -101,000000 0,000000 0,000000
952 1733950583 1,200000 -1,000000 -101,000000 0,000000 0,000000
952 1733950584 1,200000 -1,000000 -101,000000 0,000000 0,000000
949 1733950585 1,200000 -1,000000 -101,000000 0,000000 0,000000
949 1733950586 1,200000 -1,000000 -101,000000 0,000000 0,000000
952 1733950585 1,200000 -1,000000 -101,000000 0,000000 0,000000
952 1733950586 1,200000 -1,000000 -101,000000 0,000000 0,000000
952 1733950587 0,200000 -1,000000 -101,000000 0,000000 0,000000
952 1733950588 0,200000 -1,000000 -101,000000 0,000000 0,000000
952 1733950589 0,200000 -1,000000 -101,000000 0,000000 0,000000
949 1733950597 4,800000 -1,000000 -101,000000 0,000000 0,000000
949 1733950598 4,800000 -1,000000 -101,000000 0,000000 0,000000
949 1733950599 4,800000 -1,000000 -101,000000 0,000000 0,000000
952 1733950590 0,200000 -1,000000 -101,000000 0,000000 0,000000
952 1733950591 0,200000 -1,000000 -101,000000 0,000000 0,000000
952 1733950597 4,200000 -1,000000 -101,000000 0,000000 0,000000
952 1733950598 4,200000 -1,000000 -101,000000 0,000000 0,000000
952 1733950599 4,200000 -1,000000 -101,000000 0,000000 0,000000
952 1733950600 4,200000 -1,000000 -101,000000 0,000000 0,000000
952 1733950601 4,200000 -1,000000 -101,000000 0,000000 0,000000
952 1733950602 0,200000 -1,000000 -101,000000 0,000000 0,000000
952 1733950603 0,200000 -1,000000 -101,000000 0,000000 0,000000
952 1733950604 0,200000 -1,000000 -101,000000 0,000000 0,000000
952 1733950605 0,200000 -1,000000 -101,000000 0,000000 0,000000
952 1733950606 0,200000 -1,000000 -101,000000 0,000000 0,000000
952 1733950622 1,200000 -1,000000 -101,000000 0,000000 0,000000
952 1733950623 1,200000 -1,000000 -101,000000 0,000000 0,000000
952 1733950624 1,200000 -1,000000 -101,000000 0,000000 0,000000
952 1733950625 1,200000 -1,000000 -101,000000 0,000000 0,000000
952 1733950626 1,200000 -1,000000 -101,000000 0,000000 0,000000
952 1733950627 1,200000 -1,000000 -101,000000 0,000000 0,000000
952 1733950628 1,200000 -1,000000 -101,000000 0,000000 0,000000
952 1733950629 1,200000 -1,000000 -101,000000 0,000000 0,000000
949 1733950600 4,800000 -1,000000 -101,000000 0,000000 0,000000
949 1733950601 4,800000 -1,000000 -101,000000 0,000000 0,000000
949 1733950622 1,200000 -1,000000 -101,000000 0,000000 0,000000
949 1733950623 1,200000 -1,000000 -101,000000 0,000000 0,000000
949 1733950624 1,200000 -1,000000 -101,000000 0,000000 0,000000
949 1733950625 1,200000 -1,000000 -101,000000 0,000000 0,000000
949 1733950626 1,200000 -1,000000 -101,000000 0,000000 0,000000
949 1733950627 1,200000 -1,000000 -101,000000 0,000000 0,000000
949 1733950628 1,200000 -1,000000 -101,000000 0,000000 0,000000
949 1733950629 1,200000 -1,000000 -101,000000 0,000000 0,000000
949 1733950630 1,200000 -1,000000 -101,000000 0,000000 0,000000
949 1733950631 1,200000 -1,000000 -101,000000 0,000000 0,000000
952 1733950630 1,200000 -1,000000 -101,000000 0,000000 0,000000
952 1733950631 1,200000 -1,000000 -101,000000 0,000000 0,000000
952 1733950632 0,400000 -1,000000 -101,000000 0,000000 0,000000
952 1733950633 0,400000 -1,000000 -101,000000 0,000000 0,000000
952 1733950634 0,400000 -1,000000 -101,000000 0,000000 0,000000
949 1733950642 1,200000 -1,000000 -101,000000 0,000000 0,000000
949 1733950643 1,200000 -1,000000 -101,000000 0,000000 0,000000
949 1733950644 1,200000 -1,000000 -101,000000 0,000000 0,000000
952 1733950635 0,400000 -1,000000 -101,000000 0,000000 0,000000
952 1733950636 0,400000 -1,000000 -101,000000 0,000000 0,000000
952 1733950642 1,200000 -1,000000 -101,000000 0,000000 0,000000
952 1733950643 1,200000 -1,000000 -101,000000 0,000000 0,000000
952 1733950644 1,200000 -1,000000 -101,000000 0,000000 0,000000
952 1733950706 1,000000 -1,000000 1,000000 1,000000 0,000000
952 1733950705 1,000000 -1,000000 1,000000 1,000000 0,000000
952 1733950704 1,000000 -1,000000 1,000000 1,000000 0,000000
952 1733950703 1,000000 -1,000000 1,000000 1,000000 0,000000
952 1733950702 1,000000 -1,000000 1,000000 1,000000 0,000000
952 1733950696 2,800000 -1,000000 2,800000 2,800000 0,000000
952 1733950695 2,800000 -1,000000 2,800000 2,800000 0,000000
952 1733950694 2,800000 -1,000000 2,800000 2,800000 0,000000
952 1733950693 2,800000 -1,000000 2,800000 2,800000 0,000000
952 1733950692 2,800000 -1,000000 2,800000 2,800000 0,000000
952 1733950691 0,200000 -1,000000 0,200000 0,200000 0,000000
952 1733950690 0,200000 -1,000000 0,200000 0,200000 0,000000
952 1733950689 0,200000 -1,000000 0,200000 0,200000 0,000000
952 1733950688 0,200000 -1,000000 0,200000 0,200000 0,000000
952 1733950687 0,200000 -1,000000 0,200000 0,200000 0,000000
952 1733950681 0,400000 -1,000000 0,400000 0,400000 0,000000
952 1733950680 0,400000 -1,000000 0,400000 0,400000 0,000000
952 1733950679 0,400000 -1,000000 0,400000 0,400000 0,000000
952 1733950678 0,400000 -1,000000 0,400000 0,400000 0,000000
952 1733950677 0,400000 -1,000000 0,400000 0,400000 0,000000
952 1733950666 0,200000 -1,000000 0,200000 0,200000 0,000000
952 1733950665 0,200000 -1,000000 0,200000 0,200000 0,000000
952 1733950664 0,200000 -1,000000 0,200000 0,200000 0,000000
952 1733950663 0,200000 -1,000000 0,200000 0,200000 0,000000
952 1733950662 0,200000 -1,000000 0,200000 0,200000 0,000000
952 1733950661 4,200000 -1,000000 4,200000 4,200000 0,000000
952 1733950660 4,200000 -1,000000 4,200000 4,200000 0,000000
952 1733950659 4,200000 -1,000000 4,200000 4,200000 0,000000
952 1733950658 4,200000 -1,000000 4,200000 4,200000 0,000000
952 1733950657 4,200000 -1,000000 4,200000 4,200000 0,000000
952 1733950651 2,200000 -1,000000 2,200000 2,200000 0,000000
952 1733950650 2,200000 -1,000000 2,200000 2,200000 0,000000
952 1733950649 2,200000 -1,000000 2,200000 2,200000 0,000000
952 1733950648 2,200000 -1,000000 2,200000 2,200000 0,000000
952 1733950647 2,200000 -1,000000 2,200000 2,200000 0,000000
952 1733950646 1,200000 -1,000000 1,200000 1,200000 0,000000
952 1733950645 1,200000 -1,000000 1,200000 1,200000 0,000000
949 1733950706 1,200000 -1,000000 1,200000 1,200000 0,000000
949 1733950705 1,200000 -1,000000 1,200000 1,200000 0,000000
949 1733950704 1,200000 -1,000000 1,200000 1,200000 0,000000
949 1733950703 1,200000 -1,000000 1,200000 1,200000 0,000000
949 1733950702 1,200000 -1,000000 1,200000 1,200000 0,000000
949 1733950696 2,400000 -1,000000 2,400000 2,400000 0,000000
949 1733950695 2,400000 -1,000000 2,400000 2,400000 0,000000
949 1733950694 2,400000 -1,000000 2,400000 2,400000 0,000000
949 1733950693 2,400000 -1,000000 2,400000 2,400000 0,000000
949 1733950692 2,400000 -1,000000 2,400000 2,400000 0,000000
949 1733950661 4,800000 -1,000000 4,800000 4,800000 0,000000
949 1733950660 4,800000 -1,000000 4,800000 4,800000 0,000000
949 1733950659 4,800000 -1,000000 4,800000 4,800000 0,000000
949 1733950658 4,800000 -1,000000 4,800000 4,800000 0,000000
949 1733950657 4,800000 -1,000000 4,800000 4,800000 0,000000
949 1733950651 2,400000 -1,000000 2,400000 2,400000 0,000000
949 1733950650 2,400000 -1,000000 2,400000 2,400000 0,000000
949 1733950649 2,400000 -1,000000 2,400000 2,400000 0,000000
949 1733950648 2,400000 -1,000000 2,400000 2,400000 0,000000
949 1733950647 2,400000 -1,000000 2,400000 2,400000 0,000000
949 1733950646 1,200000 -1,000000 1,200000 1,200000 0,000000
949 1733950645 1,200000 -1,000000 1,200000 1,200000 0,000000
949 1733950645 1,200000 -1,000000 -101,000000 0,000000 0,000000
949 1733950646 1,200000 -1,000000 -101,000000 0,000000 0,000000
949 1733950647 2,400000 -1,000000 -101,000000 0,000000 0,000000
949 1733950648 2,400000 -1,000000 -101,000000 0,000000 0,000000
949 1733950649 2,400000 -1,000000 -101,000000 0,000000 0,000000
949 1733950650 2,400000 -1,000000 -101,000000 0,000000 0,000000
949 1733950651 2,400000 -1,000000 -101,000000 0,000000 0,000000
949 1733950657 4,800000 -1,000000 -101,000000 0,000000 0,000000
949 1733950658 4,800000 -1,000000 -101,000000 0,000000 0,000000
949 1733950659 4,800000 -1,000000 -101,000000 0,000000 0,000000
952 1733950645 1,200000 -1,000000 -101,000000 0,000000 0,000000
952 1733950646 1,200000 -1,000000 -101,000000 0,000000 0,000000
952 1733950647 2,200000 -1,000000 -101,000000 0,000000 0,000000
952 1733950648 2,200000 -1,000000 -101,000000 0,000000 0,000000
952 1733950649 2,200000 -1,000000 -101,000000 0,000000 0,000000
952 1733950650 2,200000 -1,000000 -101,000000 0,000000 0,000000
952 1733950651 2,200000 -1,000000 -101,000000 0,000000 0,000000
952 1733950657 4,200000 -1,000000 -101,000000 0,000000 0,000000
952 1733950658 4,200000 -1,000000 -101,000000 0,000000 0,000000
952 1733950659 4,200000 -1,000000 -101,000000 0,000000 0,000000
949 1733950660 4,800000 -1,000000 -101,000000 0,000000 0,000000
949 1733950661 4,800000 -1,000000 -101,000000 0,000000 0,000000
952 1733950660 4,200000 -1,000000 -101,000000 0,000000 0,000000
952 1733950661 4,200000 -1,000000 -101,000000 0,000000 0,000000
952 1733950662 0,200000 -1,000000 -101,000000 0,000000 0,000000
952 1733950663 0,200000 -1,000000 -101,000000 0,000000 0,000000
952 1733950664 0,200000 -1,000000 -101,000000 0,000000 0,000000
952 1733950665 0,200000 -1,000000 -101,000000 0,000000 0,000000
952 1733950666 0,200000 -1,000000 -101,000000 0,000000 0,000000
952 1733950677 0,400000 -1,000000 -101,000000 0,000000 0,000000
952 1733950678 0,400000 -1,000000 -101,000000 0,000000 0,000000
952 1733950679 0,400000 -1,000000 -101,000000 0,000000 0,000000
952 1733950680 0,400000 -1,000000 -101,000000 0,000000 0,000000
952 1733950681 0,400000 -1,000000 -101,000000 0,000000 0,000000
952 1733950687 0,200000 -1,000000 -101,000000 0,000000 0,000000
952 1733950688 0,200000 -1,000000 -101,000000 0,000000 0,000000
952 1733950689 0,200000 -1,000000 -101,000000 0,000000 0,000000
952 1733950690 0,200000 -1,000000 -101,000000 0,000000 0,000000
952 1733950691 0,200000 -1,000000 -101,000000 0,000000 0,000000
952 1733950692 2,800000 -1,000000 -101,000000 0,000000 0,000000
952 1733950693 2,800000 -1,000000 -101,000000 0,000000 0,000000
952 1733950694 2,800000 -1,000000 -101,000000 0,000000 0,000000
949 1733950692 2,400000 -1,000000 -101,000000 0,000000 0,000000
949 1733950693 2,400000 -1,000000 -101,000000 0,000000 0,000000
949 1733950694 2,400000 -1,000000 -101,000000 0,000000 0,000000
949 1733950695 2,400000 -1,000000 -101,000000 0,000000 0,000000
949 1733950696 2,400000 -1,000000 -101,000000 0,000000 0,000000
949 1733950702 1,200000 -1,000000 -101,000000 0,000000 0,000000
949 1733950703 1,200000 -1,000000 -101,000000 0,000000 0,000000
949 1733950704 1,200000 -1,000000 -101,000000 0,000000 0,000000
952 1733950695 2,800000 -1,000000 -101,000000 0,000000 0,000000
952 1733950696 2,800000 -1,000000 -101,000000 0,000000 0,000000
952 1733950702 1,000000 -1,000000 -101,000000 0,000000 0,000000
952 1733950703 1,000000 -1,000000 -101,000000 0,000000 0,000000
952 1733950704 1,000000 -1,000000 -101,000000 0,000000 0,000000
949 1733950705 1,200000 -1,000000 -101,000000 0,000000 0,000000
949 1733950706 1,200000 -1,000000 -101,000000 0,000000 0,000000
952 1733950705 1,000000 -1,000000 -101,000000 0,000000 0,000000
952 1733950706 1,000000 -1,000000 -101,000000 0,000000 0,000000
949 1733950717 3,600000 -1,000000 -101,000000 0,000000 0,000000
949 1733950718 3,600000 -1,000000 -101,000000 0,000000 0,000000
949 1733950719 3,600000 -1,000000 -101,000000 0,000000 0,000000
952 1733950717 3,000000 -1,000000 -101,000000 0,000000 0,000000
952 1733950718 3,000000 -1,000000 -101,000000 0,000000 0,000000
952 1733950719 3,000000 -1,000000 -101,000000 0,000000 0,000000
949 1733950720 3,600000 -1,000000 -101,000000 0,000000 0,000000
949 1733950721 3,600000 -1,000000 -101,000000 0,000000 0,000000
949 1733950722 2,400000 -1,000000 -101,000000 0,000000 0,000000
949 1733950723 2,400000 -1,000000 -101,000000 0,000000 0,000000
949 1733950724 2,400000 -1,000000 -101,000000 0,000000 0,000000
949 1733950725 2,400000 -1,000000 -101,000000 0,000000 0,000000
949 1733950726 2,400000 -1,000000 -101,000000 0,000000 0,000000
949 1733950727 2,400000 -1,000000 -101,000000 0,000000 0,000000
949 1733950728 2,400000 -1,000000 -101,000000 0,000000 0,000000
949 1733950729 2,400000 -1,000000 -101,000000 0,000000 0,000000
952 1733950720 3,000000 -1,000000 -101,000000 0,000000 0,000000
952 1733950721 3,000000 -1,000000 -101,000000 0,000000 0,000000
952 1733950722 2,200000 -1,000000 -101,000000 0,000000 0,000000
952 1733950723 2,200000 -1,000000 -101,000000 0,000000 0,000000
952 1733950724 2,200000 -1,000000 -101,000000 0,000000 0,000000
952 1733950725 2,200000 -1,000000 -101,000000 0,000000 0,000000
952 1733950726 2,200000 -1,000000 -101,000000 0,000000 0,000000
952 1733950727 2,200000 -1,000000 -101,000000 0,000000 0,000000
952 1733950728 2,200000 -1,000000 -101,000000 0,000000 0,000000
952 1733950729 2,200000 -1,000000 -101,000000 0,000000 0,000000
949 1733950730 2,400000 -1,000000 -101,000000 0,000000 0,000000
949 1733950731 2,400000 -1,000000 -101,000000 0,000000 0,000000
949 1733950742 1,200000 -1,000000 -101,000000 0,000000 0,000000
949 1733950743 1,200000 -1,000000 -101,000000 0,000000 0,000000
949 1733950744 1,200000 -1,000000 -101,000000 0,000000 0,000000
952 1733950730 2,200000 -1,000000 -101,000000 0,000000 0,000000
952 1733950731 2,200000 -1,000000 -101,000000 0,000000 0,000000
952 1733950732 0,200000 -1,000000 -101,000000 0,000000 0,000000
952 1733950733 0,200000 -1,000000 -101,000000 0,000000 0,000000
952 1733950734 0,200000 -1,000000 -101,000000 0,000000 0,000000
952 1733950735 0,200000 -1,000000 -101,000000 0,000000 0,000000
952 1733950736 0,200000 -1,000000 -101,000000 0,000000 0,000000
952 1733950742 1,200000 -1,000000 -101,000000 0,000000 0,000000
952 1733950743 1,200000 -1,000000 -101,000000 0,000000 0,000000
952 1733950744 1,200000 -1,000000 -101,000000 0,000000 0,000000
952 1733950745 1,200000 -1,000000 -101,000000 0,000000 0,000000
952 1733950746 1,200000 -1,000000 -101,000000 0,000000 0,000000
952 1733950747 0,200000 -1,000000 -101,000000 0,000000 0,000000
952 1733950748 0,200000 -1,000000 -101,000000 0,000000 0,000000
952 1733950749 0,200000 -1,000000 -101,000000 0,000000 0,000000
952 1733950750 0,200000 -1,000000 -101,000000 0,000000 0,000000
952 1733950751 0,200000 -1,000000 -101,000000 0,000000 0,000000
952 1733950752 0,400000 -1,000000 -101,000000 0,000000 0,000000
952 1733950753 0,400000 -1,000000 -101,000000 0,000000 0,000000
952 1733950754 0,400000 -1,000000 -101,000000 0,000000 0,000000
952 1733950755 0,400000 -1,000000 -101,000000 0,000000 0,000000
952 1733950756 0,400000 -1,000000 -101,000000 0,000000 0,000000
952 1733950762 1,200000 -1,000000 -101,000000 0,000000 0,000000
952 1733950763 1,200000 -1,000000 -101,000000 0,000000 0,000000
952 1733950764 1,200000 -1,000000 -101,000000 0,000000 0,000000
952 1733950765 1,200000 -1,000000 -101,000000 0,000000 0,000000
952 1733950766 1,200000 -1,000000 -101,000000 0,000000 0,000000
949 1733950745 1,200000 -1,000000 -101,000000 0,000000 0,000000
949 1733950746 1,200000 -1,000000 -101,000000 0,000000 0,000000
949 1733950762 1,200000 -1,000000 -101,000000 0,000000 0,000000
949 1733950763 1,200000 -1,000000 -101,000000 0,000000 0,000000
949 1733950764 1,200000 -1,000000 -101,000000 0,000000 0,000000
949 1733950765 1,200000 -1,000000 -101,000000 0,000000 0,000000
949 1733950766 1,200000 -1,000000 -101,000000 0,000000 0,000000
949 1733950772 1,200000 -1,000000 -101,000000 0,000000 0,000000
949 1733950773 1,200000 -1,000000 -101,000000 0,000000 0,000000
949 1733950774 1,200000 -1,000000 -101,000000 0,000000 0,000000
949 1733950775 1,200000 -1,000000 -101,000000 0,000000 0,000000
949 1733950776 1,200000 -1,000000 -101,000000 0,000000 0,000000
949 1733950777 3,600000 -1,000000 -101,000000 0,000000 0,000000
949 1733950778 3,600000 -1,000000 -101,000000 0,000000 0,000000
949 1733950779 3,600000 -1,000000 -101,000000 0,000000 0,000000
952 1733950772 1,000000 -1,000000 -101,000000 0,000000 0,000000
952 1733950773 1,000000 -1,000000 -101,000000 0,000000 0,000000
952 1733950774 1,000000 -1,000000 -101,000000 0,000000 0,000000
952 1733950775 1,000000 -1,000000 -101,000000 0,000000 0,000000
952 1733950776 1,000000 -1,000000 -101,000000 0,000000 0,000000
952 1733950777 3,000000 -1,000000 -101,000000 0,000000 0,000000
952 1733950778 3,000000 -1,000000 -101,000000 0,000000 0,000000
952 1733950779 3,000000 -1,000000 -101,000000 0,000000 0,000000
949 1733950780 3,600000 -1,000000 -101,000000 0,000000 0,000000
949 1733950781 3,600000 -1,000000 -101,000000 0,000000 0,000000
949 1733950787 1,200000 -1,000000 -101,000000 0,000000 0,000000
949 1733950788 1,200000 -1,000000 -101,000000 0,000000 0,000000
949 1733950789 1,200000 -1,000000 -101,000000 0,000000 0,000000
952 1733950780 3,000000 -1,000000 -101,000000 0,000000 0,000000
952 1733950781 3,000000 -1,000000 -101,000000 0,000000 0,000000
952 1733950787 1,200000 -1,000000 -101,000000 0,000000 0,000000
952 1733950788 1,200000 -1,000000 -101,000000 0,000000 0,000000
952 1733950789 1,200000 -1,000000 -101,000000 0,000000 0,000000
952 1733950790 1,200000 -1,000000 -101,000000 0,000000 0,000000
952 1733950791 1,200000 -1,000000 -101,000000 0,000000 0,000000
952 1733950802 3,600000 -1,000000 -101,000000 0,000000 0,000000
952 1733950803 3,600000 -1,000000 -101,000000 0,000000 0,000000
952 1733950804 3,600000 -1,000000 -101,000000 0,000000 0,000000
952 1733950805 3,600000 -1,000000 -101,000000 0,000000 0,000000
952 1733950806 3,600000 -1,000000 -101,000000 0,000000 0,000000
952 1733950807 0,400000 -1,000000 -101,000000 0,000000 0,000000
952 1733950808 0,400000 -1,000000 -101,000000 0,000000 0,000000
952 1733950809 0,400000 -1,000000 -101,000000 0,000000 0,000000
949 1733950790 1,200000 -1,000000 -101,000000 0,000000 0,000000
949 1733950791 1,200000 -1,000000 -101,000000 0,000000 0,000000
949 1733950802 3,600000 -1,000000 -101,000000 0,000000 0,000000
949 1733950803 3,600000 -1,000000 -101,000000 0,000000 0,000000
949 1733950804 3,600000 -1,000000 -101,000000 0,000000 0,000000
949 1733950805 3,600000 -1,000000 -101,000000 0,000000 0,000000
949 1733950806 3,600000 -1,000000 -101,000000 0,000000 0,000000
952 1733950810 0,400000 -1,000000 -101,000000 0,000000 0,000000
952 1733950811 0,400000 -1,000000 -101,000000 0,000000 0,000000
952 1733950812 0,400000 -1,000000 -101,000000 0,000000 0,000000
952 1733950813 0,400000 -1,000000 -101,000000 0,000000 0,000000
952 1733950814 0,400000 -1,000000 -101,000000 0,000000 0,000000
952 1733950815 0,400000 -1,000000 -101,000000 0,000000 0,000000
952 1733950816 0,400000 -1,000000 -101,000000 0,000000 0,000000
949 1733950837 6,000000 -1,000000 -101,000000 0,000000 0,000000
949 1733950838 6,000000 -1,000000 -101,000000 0,000000 0,000000
949 1733950839 6,000000 -1,000000 -101,000000 0,000000 0,000000
952 1733950827 0,400000 -1,000000 -101,000000 0,000000 0,000000
952 1733950828 0,400000 -1,000000 -101,000000 0,000000 0,000000
952 1733950829 0,400000 -1,000000 -101,000000 0,000000 0,000000
952 1733950830 0,400000 -1,000000 -101,000000 0,000000 0,000000
952 1733950831 0,400000 -1,000000 -101,000000 0,000000 0,000000
952 1733950837 5,400000 -1,000000 -101,000000 0,000000 0,000000
952 1733950838 5,400000 -1,000000 -101,000000 0,000000 0,000000
952 1733950839 5,400000 -1,000000 -101,000000 0,000000 0,000000
952 1733950840 5,400000 -1,000000 -101,000000 0,000000 0,000000
952 1733950841 5,400000 -1,000000 -101,000000 0,000000 0,000000
949 1733950840 6,000000 -1,000000 -101,000000 0,000000 0,000000
949 1733950841 6,000000 -1,000000 -101,000000 0,000000 0,000000
949 1733950847 1,200000 -1,000000 -101,000000 0,000000 0,000000
949 1733950848 1,200000 -1,000000 -101,000000 0,000000 0,000000
949 1733950849 1,200000 -1,000000 -101,000000 0,000000 0,000000
952 1733950847 1,000000 -1,000000 -101,000000 0,000000 0,000000
952 1733950848 1,000000 -1,000000 -101,000000 0,000000 0,000000
952 1733950849 1,000000 -1,000000 -101,000000 0,000000 0,000000
949 1733950850 1,200000 -1,000000 -101,000000 0,000000 0,000000
949 1733950851 1,200000 -1,000000 -101,000000 0,000000 0,000000
952 1733950850 1,000000 -1,000000 -101,000000 0,000000 0,000000
952 1733950851 1,000000 -1,000000 -101,000000 0,000000 0,000000
952 1733950867 0,200000 -1,000000 -101,000000 0,000000 0,000000
952 1733950868 0,200000 -1,000000 -101,000000 0,000000 0,000000
952 1733950869 0,200000 -1,000000 -101,000000 0,000000 0,000000
949 1733950872 1,200000 -1,000000 -101,000000 0,000000 0,000000
949 1733950873 1,200000 -1,000000 -101,000000 0,000000 0,000000
949 1733950874 1,200000 -1,000000 -101,000000 0,000000 0,000000
952 1733950870 0,200000 -1,000000 -101,000000 0,000000 0,000000
952 1733950871 0,200000 -1,000000 -101,000000 0,000000 0,000000
952 1733950872 1,600000 -1,000000 -101,000000 0,000000 0,000000
952 1733950873 1,600000 -1,000000 -101,000000 0,000000 0,000000
952 1733950874 1,600000 -1,000000 -101,000000 0,000000 0,000000
949 1733950875 1,200000 -1,000000 -101,000000 0,000000 0,000000
949 1733950876 1,200000 -1,000000 -101,000000 0,000000 0,000000
949 1733950877 3,600000 -1,000000 -101,000000 0,000000 0,000000
949 1733950878 3,600000 -1,000000 -101,000000 0,000000 0,000000
949 1733950879 3,600000 -1,000000 -101,000000 0,000000 0,000000
949 1733950880 3,600000 -1,000000 -101,000000 0,000000 0,000000
949 1733950881 3,600000 -1,000000 -101,000000 0,000000 0,000000
949 1733950882 1,200000 -1,000000 -101,000000 0,000000 0,000000
949 1733950883 1,200000 -1,000000 -101,000000 0,000000 0,000000
949 1733950884 1,200000 -1,000000 -101,000000 0,000000 0,000000
952 1733950875 1,600000 -1,000000 -101,000000 0,000000 0,000000
952 1733950876 1,600000 -1,000000 -101,000000 0,000000 0,000000
952 1733950877 3,400000 -1,000000 -101,000000 0,000000 0,000000
952 1733950878 3,400000 -1,000000 -101,000000 0,000000 0,000000
952 1733950879 3,400000 -1,000000 -101,000000 0,000000 0,000000
952 1733950880 3,400000 -1,000000 -101,000000 0,000000 0,000000
952 1733950881 3,400000 -1,000000 -101,000000 0,000000 0,000000
952 1733950882 1,200000 -1,000000 -101,000000 0,000000 0,000000
952 1733950883 1,200000 -1,000000 -101,000000 0,000000 0,000000
952 1733950884 1,200000 -1,000000 -101,000000 0,000000 0,000000
949 1733950885 1,200000 -1,000000 -101,000000 0,000000 0,000000
949 1733950886 1,200000 -1,000000 -101,000000 0,000000 0,000000
952 1733950885 1,200000 -1,000000 -101,000000 0,000000 0,000000
952 1733950886 1,200000 -1,000000 -101,000000 0,000000 0,000000
949 1733950897 3,600000 -1,000000 -101,000000 0,000000 0,000000
949 1733950898 3,600000 -1,000000 -101,000000 0,000000 0,000000
949 1733950899 3,600000 -1,000000 -101,000000 0,000000 0,000000
952 1733950897 3,000000 -1,000000 -101,000000 0,000000 0,000000
952 1733950898 3,000000 -1,000000 -101,000000 0,000000 0,000000
952 1733950899 3,000000 -1,000000 -101,000000 0,000000 0,000000
952 1733950900 3,000000 -1,000000 -101,000000 0,000000 0,000000
952 1733950901 3,000000 -1,000000 -101,000000 0,000000 0,000000
952 1733950902 0,400000 -1,000000 -101,000000 0,000000 0,000000
952 1733950903 0,400000 -1,000000 -101,000000 0,000000 0,000000
952 1733950904 0,400000 -1,000000 -101,000000 0,000000 0,000000
952 1733950905 0,400000 -1,000000 -101,000000 0,000000 0,000000
952 1733950906 0,400000 -1,000000 -101,000000 0,000000 0,000000
952 1733950907 1,200000 -1,000000 -101,000000 0,000000 0,000000
952 1733950908 1,200000 -1,000000 -101,000000 0,000000 0,000000
952 1733950909 1,200000 -1,000000 -101,000000 0,000000 0,000000
952 1733950910 1,200000 -1,000000 -101,000000 0,000000 0,000000
952 1733950911 1,200000 -1,000000 -101,000000 0,000000 0,000000
952 1733950917 1,000000 -1,000000 -101,000000 0,000000 0,000000
952 1733950918 1,000000 -1,000000 -101,000000 0,000000 0,000000
952 1733950919 1,000000 -1,000000 -101,000000 0,000000 0,000000
949 1733950900 3,600000 -1,000000 -101,000000 0,000000 0,000000
949 1733950901 3,600000 -1,000000 -101,000000 0,000000 0,000000
949 1733950907 1,200000 -1,000000 -101,000000 0,000000 0,000000
949 1733950908 1,200000 -1,000000 -101,000000 0,000000 0,000000
949 1733950909 1,200000 -1,000000 -101,000000 0,000000 0,000000
949 1733950910 1,200000 -1,000000 -101,000000 0,000000 0,000000
949 1733950911 1,200000 -1,000000 -101,000000 0,000000 0,000000
949 1733950917 1,200000 -1,000000 -101,000000 0,000000 0,000000
949 1733950918 1,200000 -1,000000 -101,000000 0,000000 0,000000
949 1733950919 1,200000 -1,000000 -101,000000 0,000000 0,000000
949 1733950920 1,200000 -1,000000 -101,000000 0,000000 0,000000
949 1733950921 1,200000 -1,000000 -101,000000 0,000000 0,000000
952 1733950920 1,000000 -1,000000 -101,000000 0,000000 0,000000
952 1733950921 1,000000 -1,000000 -101,000000 0,000000 0,000000
952 1733950927 0,200000 -1,000000 -101,000000 0,000000 0,000000
952 1733950928 0,200000 -1,000000 -101,000000 0,000000 0,000000
952 1733950929 0,200000 -1,000000 -101,000000 0,000000 0,000000
949 1733950932 1,200000 -1,000000 -101,000000 0,000000 0,000000
949 1733950933 1,200000 -1,000000 -101,000000 0,000000 0,000000
949 1733950934 1,200000 -1,000000 -101,000000 0,000000 0,000000
952 1733950930 0,200000 -1,000000 -101,000000 0,000000 0,000000
952 1733950931 0,200000 -1,000000 -101,000000 0,000000 0,000000
952 1733950932 1,600000 -1,000000 -101,000000 0,000000 0,000000
952 1733950933 1,600000 -1,000000 -101,000000 0,000000 0,000000
952 1733950934 1,600000 -1,000000 -101,000000 0,000000 0,000000
949 1733950935 1,200000 -1,000000 -101,000000 0,000000 0,000000
949 1733950936 1,200000 -1,000000 -101,000000 0,000000 0,000000
949 1733950942 1,200000 -1,000000 -101,000000 0,000000 0,000000
949 1733950943 1,200000 -1,000000 -101,000000 0,000000 0,000000
949 1733950944 1,200000 -1,000000 -101,000000 0,000000 0,000000
949 1733950945 1,200000 -1,000000 -101,000000 0,000000 0,000000
949 1733950946 1,200000 -1,000000 -101,000000 0,000000 0,000000
949 1733950952 2,400000 -1,000000 -101,000000 0,000000 0,000000
949 1733950953 2,400000 -1,000000 -101,000000 0,000000 0,000000
949 1733950954 2,400000 -1,000000 -101,000000 0,000000 0,000000
949 1733950955 2,400000 -1,000000 -101,000000 0,000000 0,000000
949 1733950956 2,400000 -1,000000 -101,000000 0,000000 0,000000
949 1733950957 3,600000 -1,000000 -101,000000 0,000000 0,000000
949 1733950958 3,600000 -1,000000 -101,000000 0,000000 0,000000
949 1733950959 3,600000 -1,000000 -101,000000 0,000000 0,000000
952 1733950935 1,600000 -1,000000 -101,000000 0,000000 0,000000
952 1733950936 1,600000 -1,000000 -101,000000 0,000000 0,000000
952 1733950942 1,200000 -1,000000 -101,000000 0,000000 0,000000
952 1733950943 1,200000 -1,000000 -101,000000 0,000000 0,000000
952 1733950944 1,200000 -1,000000 -101,000000 0,000000 0,000000
952 1733950945 1,200000 -1,000000 -101,000000 0,000000 0,000000
952 1733950946 1,200000 -1,000000 -101,000000 0,000000 0,000000
952 1733950952 2,200000 -1,000000 -101,000000 0,000000 0,000000
952 1733950953 2,200000 -1,000000 -101,000000 0,000000 0,000000
952 1733950954 2,200000 -1,000000 -101,000000 0,000000 0,000000
952 1733950955 2,200000 -1,000000 -101,000000 0,000000 0,000000
952 1733950956 2,200000 -1,000000 -101,000000 0,000000 0,000000
952 1733950957 3,000000 -1,000000 -101,000000 0,000000 0,000000
952 1733950958 3,000000 -1,000000 -101,000000 0,000000 0,000000
952 1733950959 3,000000 -1,000000 -101,000000 0,000000 0,000000
952 1733950960 3,000000 -1,000000 -101,000000 0,000000 0,000000
952 1733950961 3,000000 -1,000000 -101,000000 0,000000 0,000000
949 1733950960 3,600000 -1,000000 -101,000000 0,000000 0,000000
949 1733950961 3,600000 -1,000000 -101,000000 0,000000 0,000000
952 1733950977 0,200000 -1,000000 -101,000000 0,000000 0,000000
952 1733950978 0,200000 -1,000000 -101,000000 0,000000 0,000000
952 1733950979 0,200000 -1,000000 -101,000000 0,000000 0,000000
952 1733950980 0,200000 -1,000000 -101,000000 0,000000 0,000000
952 1733950981 0,200000 -1,000000 -101,000000 0,000000 0,000000
952 1733950982 2,600000 -1,000000 -101,000000 0,000000 0,000000
952 1733950983 2,600000 -1,000000 -101,000000 0,000000 0,000000
952 1733950984 2,600000 -1,000000 -101,000000 0,000000 0,000000
952 1733950985 2,600000 -1,000000 -101,000000 0,000000 0,000000
952 1733950986 2,600000 -1,000000 -101,000000 0,000000 0,000000
952 1733950987 0,200000 -1,000000 -101,000000 0,000000 0,000000
952 1733950988 0,200000 -1,000000 -101,000000 0,000000 0,000000
952 1733950989 0,200000 -1,000000 -101,000000 0,000000 0,000000
949 1733950982 2,400000 -1,000000 -101,000000 0,000000 0,000000
949 1733950983 2,400000 -1,000000 -101,000000 0,000000 0,000000
949 1733950984 2,400000 -1,000000 -101,000000 0,000000 0,000000
949 1733950985 2,400000 -1,000000 -101,000000 0,000000 0,000000
949 1733950986 2,400000 -1,000000 -101,000000 0,000000 0,000000
949 1733950992 1,200000 -1,000000 -101,000000 0,000000 0,000000
949 1733950993 1,200000 -1,000000 -101,000000 0,000000 0,000000
949 1733950994 1,200000 -1,000000 -101,000000 0,000000 0,000000
952 1733950990 0,200000 -1,000000 -101,000000 0,000000 0,000000
952 1733950991 0,200000 -1,000000 -101,000000 0,000000 0,000000
952 1733950992 1,400000 -1,000000 -101,000000 0,000000 0,000000
952 1733950993 1,400000 -1,000000 -101,000000 0,000000 0,000000
952 1733950994 1,400000 -1,000000 -101,000000 0,000000 0,000000
952 1733950995 1,400000 -1,000000 -101,000000 0,000000 0,000000
952 1733950996 1,400000 -1,000000 -101,000000 0,000000 0,000000
949 1733950995 1,200000 -1,000000 -101,000000 0,000000 0,000000
949 1733950996 1,200000 -1,000000 -101,000000 0,000000 0,000000
949 1733951017 4,800000 -1,000000 -101,000000 0,000000 0,000000
949 1733951018 4,800000 -1,000000 -101,000000 0,000000 0,000000
949 1733951019 4,800000 -1,000000 -101,000000 0,000000 0,000000
952 1733951017 4,200000 -1,000000 -101,000000 0,000000 0,000000
952 1733951018 4,200000 -1,000000 -101,000000 0,000000 0,000000
952 1733951019 4,200000 -1,000000 -101,000000 0,000000 0,000000
949 1733951020 4,800000 -1,000000 -101,000000 0,000000 0,000000
949 1733951021 4,800000 -1,000000 -101,000000 0,000000 0,000000
949 1733951027 4,800000 -1,000000 -101,000000 0,000000 0,000000
949 1733951028 4,800000 -1,000000 -101,000000 0,000000 0,000000
949 1733951029 4,800000 -1,000000 -101,000000 0,000000 0,000000
952 1733951020 4,200000 -1,000000 -101,000000 0,000000 0,000000
952 1733951021 4,200000 -1,000000 -101,000000 0,000000 0,000000
952 1733951022 0,200000 -1,000000 -101,000000 0,000000 0,000000
952 1733951023 0,200000 -1,000000 -101,000000 0,000000 0,000000
952 1733951024 0,200000 -1,000000 -101,000000 0,000000 0,000000
952 1733951025 0,200000 -1,000000 -101,000000 0,000000 0,000000
952 1733951026 0,200000 -1,000000 -101,000000 0,000000 0,000000
952 1733951027 4,400000 -1,000000 -101,000000 0,000000 0,000000
952 1733951028 4,400000 -1,000000 -101,000000 0,000000 0,000000
952 1733951029 4,400000 -1,000000 -101,000000 0,000000 0,000000
952 1733951030 4,400000 -1,000000 -101,000000 0,000000 0,000000
952 1733951031 4,400000 -1,000000 -101,000000 0,000000 0,000000
949 1733951030 4,800000 -1,000000 -101,000000 0,000000 0,000000
949 1733951031 4,800000 -1,000000 -101,000000 0,000000 0,000000
952 1733951047 0,200000 -1,000000 -101,000000 0,000000 0,000000
952 1733951048 0,200000 -1,000000 -101,000000 0,000000 0,000000
952 1733951049 0,200000 -1,000000 -101,000000 0,000000 0,000000
952 1733951050 0,200000 -1,000000 -101,000000 0,000000 0,000000
952 1733951051 0,200000 -1,000000 -101,000000 0,000000 0,000000
952 1733951052 1,600000 -1,000000 -101,000000 0,000000 0,000000
952 1733951053 1,600000 -1,000000 -101,000000 0,000000 0,000000
952 1733951054 1,600000 -1,000000 -101,000000 0,000000 0,000000
949 1733951052 1,200000 -1,000000 -101,000000 0,000000 0,000000
949 1733951053 1,200000 -1,000000 -101,000000 0,000000 0,000000
949 1733951054 1,200000 -1,000000 -101,000000 0,000000 0,000000
949 1733951055 1,200000 -1,000000 -101,000000 0,000000 0,000000
949 1733951056 1,200000 -1,000000 -101,000000 0,000000 0,000000
952 1733951055 1,600000 -1,000000 -101,000000 0,000000 0,000000
952 1733951056 1,600000 -1,000000 -101,000000 0,000000 0,000000
952 1733951057 0,200000 -1,000000 -101,000000 0,000000 0,000000
952 1733951058 0,200000 -1,000000 -101,000000 0,000000 0,000000
952 1733951059 0,200000 -1,000000 -101,000000 0,000000 0,000000
952 1733951060 0,200000 -1,000000 -101,000000 0,000000 0,000000
952 1733951061 0,200000 -1,000000 -101,000000 0,000000 0,000000
952 1733951067 1,000000 -1,000000 -101,000000 0,000000 0,000000
952 1733951068 1,000000 -1,000000 -101,000000 0,000000 0,000000
952 1733951069 1,000000 -1,000000 -101,000000 0,000000 0,000000
952 1733951070 1,000000 -1,000000 -101,000000 0,000000 0,000000
952 1733951071 1,000000 -1,000000 -101,000000 0,000000 0,000000
949 1733951067 1,200000 -1,000000 -101,000000 0,000000 0,000000
949 1733951068 1,200000 -1,000000 -101,000000 0,000000 0,000000
949 1733951069 1,200000 -1,000000 -101,000000 0,000000 0,000000
949 1733951070 1,200000 -1,000000 -101,000000 0,000000 0,000000
949 1733951071 1,200000 -1,000000 -101,000000 0,000000 0,000000
949 1733951077 4,800000 -1,000000 -101,000000 0,000000 0,000000
949 1733951078 4,800000 -1,000000 -101,000000 0,000000 0,000000
949 1733951079 4,800000 -1,000000 -101,000000 0,000000 0,000000
952 1733951077 4,200000 -1,000000 -101,000000 0,000000 0,000000
952 1733951078 4,200000 -1,000000 -101,000000 0,000000 0,000000
952 1733951079 4,200000 -1,000000 -101,000000 0,000000 0,000000
949 1733951080 4,800000 -1,000000 -101,000000 0,000000 0,000000
949 1733951081 4,800000 -1,000000 -101,000000 0,000000 0,000000
949 1733951087 1,200000 -1,000000 -101,000000 0,000000 0,000000
949 1733951088 1,200000 -1,000000 -101,000000 0,000000 0,000000
949 1733951089 1,200000 -1,000000 -101,000000 0,000000 0,000000
949 1733951090 1,200000 -1,000000 -101,000000 0,000000 0,000000
949 1733951091 1,200000 -1,000000 -101,000000 0,000000 0,000000
949 1733951102 1,200000 -1,000000 -101,000000 0,000000 0,000000
949 1733951103 1,200000 -1,000000 -101,000000 0,000000 0,000000
949 1733951104 1,200000 -1,000000 -101,000000 0,000000 0,000000
952 1733951080 4,200000 -1,000000 -101,000000 0,000000 0,000000
952 1733951081 4,200000 -1,000000 -101,000000 0,000000 0,000000
952 1733951087 1,200000 -1,000000 -101,000000 0,000000 0,000000
952 1733951088 1,200000 -1,000000 -101,000000 0,000000 0,000000
952 1733951089 1,200000 -1,000000 -101,000000 0,000000 0,000000
952 1733951090 1,200000 -1,000000 -101,000000 0,000000 0,000000
952 1733951091 1,200000 -1,000000 -101,000000 0,000000 0,000000
952 1733951097 0,200000 -1,000000 -101,000000 0,000000 0,000000
952 1733951098 0,200000 -1,000000 -101,000000 0,000000 0,000000
952 1733951099 0,200000 -1,000000 -101,000000 0,000000 0,000000
952 1733951100 0,200000 -1,000000 -101,000000 0,000000 0,000000
952 1733951101 0,200000 -1,000000 -101,000000 0,000000 0,000000
952 1733951102 1,200000 -1,000000 -101,000000 0,000000 0,000000
952 1733951103 1,200000 -1,000000 -101,000000 0,000000 0,000000
952 1733951104 1,200000 -1,000000 -101,000000 0,000000 0,000000
952 1733951105 1,200000 -1,000000 -101,000000 0,000000 0,000000
952 1733951106 1,200000 -1,000000 -101,000000 0,000000 0,000000
952 1733951107 1,200000 -1,000000 -101,000000 0,000000 0,000000
952 1733951108 1,200000 -1,000000 -101,000000 0,000000 0,000000
952 1733951109 1,200000 -1,000000 -101,000000 0,000000 0,000000
949 1733951105 1,200000 -1,000000 -101,000000 0,000000 0,000000
949 1733951106 1,200000 -1,000000 -101,000000 0,000000 0,000000
949 1733951107 1,200000 -1,000000 -101,000000 0,000000 0,000000
949 1733951108 1,200000 -1,000000 -101,000000 0,000000 0,000000
949 1733951109 1,200000 -1,000000 -101,000000 0,000000 0,000000
949 1733951110 1,200000 -1,000000 -101,000000 0,000000 0,000000
949 1733951111 1,200000 -1,000000 -101,000000 0,000000 0,000000
952 1733951110 1,200000 -1,000000 -101,000000 0,000000 0,000000
952 1733951111 1,200000 -1,000000 -101,000000 0,000000 0,000000
952 1733951112 0,400000 -1,000000 -101,000000 0,000000 0,000000
952 1733951113 0,400000 -1,000000 -101,000000 0,000000 0,000000
952 1733951114 0,400000 -1,000000 -101,000000 0,000000 0,000000
952 1733951115 0,400000 -1,000000 -101,000000 0,000000 0,000000
952 1733951116 0,400000 -1,000000 -101,000000 0,000000 0,000000
949 1733951122 2,400000 -1,000000 -101,000000 0,000000 0,000000
949 1733951123 2,400000 -1,000000 -101,000000 0,000000 0,000000
949 1733951124 2,400000 -1,000000 -101,000000 0,000000 0,000000
952 1733951122 2,400000 -1,000000 -101,000000 0,000000 0,000000
952 1733951123 2,400000 -1,000000 -101,000000 0,000000 0,000000
952 1733951124 2,400000 -1,000000 -101,000000 0,000000 0,000000
949 1733951125 2,400000 -1,000000 -101,000000 0,000000 0,000000
949 1733951126 2,400000 -1,000000 -101,000000 0,000000 0,000000
949 1733951137 4,800000 -1,000000 -101,000000 0,000000 0,000000
949 1733951138 4,800000 -1,000000 -101,000000 0,000000 0,000000
949 1733951139 4,800000 -1,000000 -101,000000 0,000000 0,000000
952 1733951125 2,400000 -1,000000 -101,000000 0,000000 0,000000
952 1733951126 2,400000 -1,000000 -101,000000 0,000000 0,000000
952 1733951132 0,400000 -1,000000 -101,000000 0,000000 0,000000
952 1733951133 0,400000 -1,000000 -101,000000 0,000000 0,000000
952 1733951134 0,400000 -1,000000 -101,000000 0,000000 0,000000
952 1733951135 0,400000 -1,000000 -101,000000 0,000000 0,000000
952 1733951136 0,400000 -1,000000 -101,000000 0,000000 0,000000
952 1733951137 4,000000 -1,000000 -101,000000 0,000000 0,000000
952 1733951138 4,000000 -1,000000 -101,000000 0,000000 0,000000
952 1733951139 4,000000 -1,000000 -101,000000 0,000000 0,000000
952 1733951140 4,000000 -1,000000 -101,000000 0,000000 0,000000
952 1733951141 4,000000 -1,000000 -101,000000 0,000000 0,000000
949 1733951140 4,800000 -1,000000 -101,000000 0,000000 0,000000
949 1733951141 4,800000 -1,000000 -101,000000 0,000000 0,000000
949 1733951162 1,200000 -1,000000 -101,000000 0,000000 0,000000
949 1733951163 1,200000 -1,000000 -101,000000 0,000000 0,000000
949 1733951164 1,200000 -1,000000 -101,000000 0,000000 0,000000
949 1733951165 1,200000 -1,000000 -101,000000 0,000000 0,000000
952 1733951162 1,200000 -1,000000 -101,000000 0,000000 0,000000
952 1733951163 1,200000 -1,000000 -101,000000 0,000000 0,000000
952 1733951164 1,200000 -1,000000 -101,000000 0,000000 0,000000
952 1733951165 1,200000 -1,000000 -101,000000 0,000000 0,000000
952 1733951166 1,200000 -1,000000 -101,000000 0,000000 0,000000
952 1733951167 0,200000 -1,000000 -101,000000 0,000000 0,000000
952 1733951168 0,200000 -1,000000 -101,000000 0,000000 0,000000
952 1733951169 0,200000 -1,000000 -101,000000 0,000000 0,000000
952 1733951170 0,200000 -1,000000 -101,000000 0,000000 0,000000
949 1733951166 1,200000 -1,000000 -101,000000 0,000000 0,000000
949 1733951172 1,200000 -1,000000 -101,000000 0,000000 0,000000
949 1733951173 1,200000 -1,000000 -101,000000 0,000000 0,000000
949 1733951174 1,200000 -1,000000 -101,000000 0,000000 0,000000
949 1733951175 1,200000 -1,000000 -101,000000 0,000000 0,000000
952 1733951171 0,200000 -1,000000 -101,000000 0,000000 0,000000
952 1733951172 1,800000 -1,000000 -101,000000 0,000000 0,000000
952 1733951173 1,800000 -1,000000 -101,000000 0,000000 0,000000
952 1733951174 1,800000 -1,000000 -101,000000 0,000000 0,000000
952 1733951175 1,800000 -1,000000 -101,000000 0,000000 0,000000
952 1733951176 1,800000 -1,000000 -101,000000 0,000000 0,000000
952 1733951177 1,200000 -1,000000 -101,000000 0,000000 0,000000
952 1733951178 1,200000 -1,000000 -101,000000 0,000000 0,000000
952 1733951179 1,200000 -1,000000 -101,000000 0,000000 0,000000
952 1733951180 1,200000 -1,000000 -101,000000 0,000000 0,000000
952 1733951181 1,200000 -1,000000 -101,000000 0,000000 0,000000
952 1733951182 2,000000 -1,000000 -101,000000 0,000000 0,000000
952 1733951183 2,000000 -1,000000 -101,000000 0,000000 0,000000
952 1733951184 2,000000 -1,000000 -101,000000 0,000000 0,000000
952 1733951185 2,000000 -1,000000 -101,000000 0,000000 0,000000
949 1733951176 1,200000 -1,000000 -101,000000 0,000000 0,000000
949 1733951177 1,200000 -1,000000 -101,000000 0,000000 0,000000
949 1733951178 1,200000 -1,000000 -101,000000 0,000000 0,000000
949 1733951179 1,200000 -1,000000 -101,000000 0,000000 0,000000
949 1733951180 1,200000 -1,000000 -101,000000 0,000000 0,000000
949 1733951181 1,200000 -1,000000 -101,000000 0,000000 0,000000
949 1733951182 2,400000 -1,000000 -101,000000 0,000000 0,000000
949 1733951183 2,400000 -1,000000 -101,000000 0,000000 0,000000
949 1733951184 2,400000 -1,000000 -101,000000 0,000000 0,000000
949 1733951185 2,400000 -1,000000 -101,000000 0,000000 0,000000
949 1733951186 2,400000 -1,000000 -101,000000 0,000000 0,000000
949 1733951197 4,800000 -1,000000 -101,000000 0,000000 0,000000
949 1733951198 4,800000 -1,000000 -101,000000 0,000000 0,000000
949 1733951199 4,800000 -1,000000 -101,000000 0,000000 0,000000
949 1733951200 4,800000 -1,000000 -101,000000 0,000000 0,000000
952 1733951186 2,000000 -1,000000 -101,000000 0,000000 0,000000
952 1733951197 4,200000 -1,000000 -101,000000 0,000000 0,000000
952 1733951198 4,200000 -1,000000 -101,000000 0,000000 0,000000
952 1733951199 4,200000 -1,000000 -101,000000 0,000000 0,000000
952 1733951200 4,200000 -1,000000 -101,000000 0,000000 0,000000
949 1733951201 4,800000 -1,000000 -101,000000 0,000000 0,000000
952 1733951201 4,200000 -1,000000 -101,000000 0,000000 0,000000
952 1733951207 0,400000 -1,000000 -101,000000 0,000000 0,000000
952 1733951208 0,400000 -1,000000 -101,000000 0,000000 0,000000
952 1733951209 0,400000 -1,000000 -101,000000 0,000000 0,000000
952 1733951210 0,400000 -1,000000 -101,000000 0,000000 0,000000
949 1733951212 1,200000 -1,000000 -101,000000 0,000000 0,000000
949 1733951213 1,200000 -1,000000 -101,000000 0,000000 0,000000
949 1733951214 1,200000 -1,000000 -101,000000 0,000000 0,000000
949 1733951215 1,200000 -1,000000 -101,000000 0,000000 0,000000
949 1733951216 1,200000 -1,000000 -101,000000 0,000000 0,000000
949 1733951222 1,200000 -1,000000 -101,000000 0,000000 0,000000
949 1733951223 1,200000 -1,000000 -101,000000 0,000000 0,000000
949 1733951224 1,200000 -1,000000 -101,000000 0,000000 0,000000
949 1733951225 1,200000 -1,000000 -101,000000 0,000000 0,000000
952 1733951211 0,400000 -1,000000 -101,000000 0,000000 0,000000
952 1733951212 1,000000 -1,000000 -101,000000 0,000000 0,000000
952 1733951213 1,000000 -1,000000 -101,000000 0,000000 0,000000
952 1733951214 1,000000 -1,000000 -101,000000 0,000000 0,000000
952 1733951215 1,000000 -1,000000 -101,000000 0,000000 0,000000
952 1733951216 1,000000 -1,000000 -101,000000 0,000000 0,000000
952 1733951222 1,200000 -1,000000 -101,000000 0,000000 0,000000
952 1733951223 1,200000 -1,000000 -101,000000 0,000000 0,000000
952 1733951224 1,200000 -1,000000 -101,000000 0,000000 0,000000
952 1733951225 1,200000 -1,000000 -101,000000 0,000000 0,000000
952 1733951226 1,200000 -1,000000 -101,000000 0,000000 0,000000
952 1733951227 0,200000 -1,000000 -101,000000 0,000000 0,000000
952 1733951228 0,200000 -1,000000 -101,000000 0,000000 0,000000
952 1733951229 0,200000 -1,000000 -101,000000 0,000000 0,000000
952 1733951230 0,200000 -1,000000 -101,000000 0,000000 0,000000
952 1733951231 0,200000 -1,000000 -101,000000 0,000000 0,000000
952 1733951232 1,600000 -1,000000 -101,000000 0,000000 0,000000
952 1733951233 1,600000 -1,000000 -101,000000 0,000000 0,000000
952 1733951234 1,600000 -1,000000 -101,000000 0,000000 0,000000
952 1733951235 1,600000 -1,000000 -101,000000 0,000000 0,000000
949 1733951226 1,200000 -1,000000 -101,000000 0,000000 0,000000
949 1733951232 1,200000 -1,000000 -101,000000 0,000000 0,000000
949 1733951233 1,200000 -1,000000 -101,000000 0,000000 0,000000
949 1733951234 1,200000 -1,000000 -101,000000 0,000000 0,000000
949 1733951235 1,200000 -1,000000 -101,000000 0,000000 0,000000
949 1733951236 1,200000 -1,000000 -101,000000 0,000000 0,000000
952 1733951236 1,600000 -1,000000 -101,000000 0,000000 0,000000
952 1733951242 0,200000 -1,000000 -101,000000 0,000000 0,000000
952 1733951243 0,200000 -1,000000 -101,000000 0,000000 0,000000
952 1733951244 0,200000 -1,000000 -101,000000 0,000000 0,000000
952 1733951245 0,200000 -1,000000 -101,000000 0,000000 0,000000
949 1733951257 6,000000 -1,000000 -101,000000 0,000000 0,000000
949 1733951258 6,000000 -1,000000 -101,000000 0,000000 0,000000
949 1733951259 6,000000 -1,000000 -101,000000 0,000000 0,000000
949 1733951260 6,000000 -1,000000 -101,000000 0,000000 0,000000
952 1733951246 0,200000 -1,000000 -101,000000 0,000000 0,000000
952 1733951257 5,000000 -1,000000 -101,000000 0,000000 0,000000
952 1733951258 5,000000 -1,000000 -101,000000 0,000000 0,000000
952 1733951259 5,000000 -1,000000 -101,000000 0,000000 0,000000
952 1733951260 5,000000 -1,000000 -101,000000 0,000000 0,000000
949 1733951261 6,000000 -1,000000 -101,000000 0,000000 0,000000
949 1733951267 2,400000 -1,000000 -101,000000 0,000000 0,000000
949 1733951268 2,400000 -1,000000 -101,000000 0,000000 0,000000
949 1733951269 2,400000 -1,000000 -101,000000 0,000000 0,000000
949 1733951270 2,400000 -1,000000 -101,000000 0,000000 0,000000
949 1733951271 2,400000 -1,000000 -101,000000 0,000000 0,000000
952 1733951261 5,000000 -1,000000 -101,000000 0,000000 0,000000
952 1733951267 2,400000 -1,000000 -101,000000 0,000000 0,000000
952 1733951268 2,400000 -1,000000 -101,000000 0,000000 0,000000
952 1733951269 2,400000 -1,000000 -101,000000 0,000000 0,000000
952 1733951270 2,400000 -1,000000 -101,000000 0,000000 0,000000
952 1733951271 2,400000 -1,000000 -101,000000 0,000000 0,000000
949 1733951282 1,200000 -1,000000 -101,000000 0,000000 0,000000
949 1733951283 1,200000 -1,000000 -101,000000 0,000000 0,000000
949 1733951284 1,200000 -1,000000 -101,000000 0,000000 0,000000
949 1733951285 1,200000 -1,000000 -101,000000 0,000000 0,000000
952 1733951282 1,400000 -1,000000 -101,000000 0,000000 0,000000
952 1733951283 1,400000 -1,000000 -101,000000 0,000000 0,000000
952 1733951284 1,400000 -1,000000 -101,000000 0,000000 0,000000
952 1733951285 1,400000 -1,000000 -101,000000 0,000000 0,000000
952 1733951286 1,400000 -1,000000 -101,000000 0,000000 0,000000
952 1733951287 0,200000 -1,000000 -101,000000 0,000000 0,000000
952 1733951288 0,200000 -1,000000 -101,000000 0,000000 0,000000
952 1733951289 0,200000 -1,000000 -101,000000 0,000000 0,000000
952 1733951290 0,200000 -1,000000 -101,000000 0,000000 0,000000
952 1733951291 0,200000 -1,000000 -101,000000 0,000000 0,000000
952 1733951292 0,400000 -1,000000 -101,000000 0,000000 0,000000
952 1733951293 0,400000 -1,000000 -101,000000 0,000000 0,000000
952 1733951294 0,400000 -1,000000 -101,000000 0,000000 0,000000
952 1733951295 0,400000 -1,000000 -101,000000 0,000000 0,000000
949 1733951286 1,200000 -1,000000 -101,000000 0,000000 0,000000
952 1733951296 0,400000 -1,000000 -101,000000 0,000000 0,000000
949 1733951302 1,200000 -1,000000 -101,000000 0,000000 0,000000
949 1733951303 1,200000 -1,000000 -101,000000 0,000000 0,000000
949 1733951304 1,200000 -1,000000 -101,000000 0,000000 0,000000
949 1733951305 1,200000 -1,000000 -101,000000 0,000000 0,000000
952 1733951302 1,200000 -1,000000 -101,000000 0,000000 0,000000
952 1733951303 1,200000 -1,000000 -101,000000 0,000000 0,000000
952 1733951304 1,200000 -1,000000 -101,000000 0,000000 0,000000
952 1733951305 1,200000 -1,000000 -101,000000 0,000000 0,000000
949 1733951306 1,200000 -1,000000 -101,000000 0,000000 0,000000
949 1733951317 4,800000 -1,000000 -101,000000 0,000000 0,000000
949 1733951318 4,800000 -1,000000 -101,000000 0,000000 0,000000
949 1733951319 4,800000 -1,000000 -101,000000 0,000000 0,000000
949 1733951320 4,800000 -1,000000 -101,000000 0,000000 0,000000
952 1733951306 1,200000 -1,000000 -101,000000 0,000000 0,000000
952 1733951317 4,400000 -1,000000 -101,000000 0,000000 0,000000
952 1733951318 4,400000 -1,000000 -101,000000 0,000000 0,000000
952 1733951319 4,400000 -1,000000 -101,000000 0,000000 0,000000
952 1733951320 4,400000 -1,000000 -101,000000 0,000000 0,000000
952 1733951321 4,400000 -1,000000 -101,000000 0,000000 0,000000
952 1733951332 3,200000 -1,000000 -101,000000 0,000000 0,000000
952 1733951333 3,200000 -1,000000 -101,000000 0,000000 0,000000
952 1733951334 3,200000 -1,000000 -101,000000 0,000000 0,000000
952 1733951335 3,200000 -1,000000 -101,000000 0,000000 0,000000
949 1733951321 4,800000 -1,000000 -101,000000 0,000000 0,000000
949 1733951332 3,600000 -1,000000 -101,000000 0,000000 0,000000
949 1733951333 3,600000 -1,000000 -101,000000 0,000000 0,000000
949 1733951334 3,600000 -1,000000 -101,000000 0,000000 0,000000
949 1733951335 3,600000 -1,000000 -101,000000 0,000000 0,000000
949 1733951336 3,600000 -1,000000 -101,000000 0,000000 0,000000
949 1733951342 1,200000 -1,000000 -101,000000 0,000000 0,000000
949 1733951343 1,200000 -1,000000 -101,000000 0,000000 0,000000
949 1733951344 1,200000 -1,000000 -101,000000 0,000000 0,000000
949 1733951345 1,200000 -1,000000 -101,000000 0,000000 0,000000
949 1733951346 1,200000 -1,000000 -101,000000 0,000000 0,000000
952 1733951336 3,200000 -1,000000 -101,000000 0,000000 0,000000
952 1733951342 1,200000 -1,000000 -101,000000 0,000000 0,000000
952 1733951343 1,200000 -1,000000 -101,000000 0,000000 0,000000
952 1733951344 1,200000 -1,000000 -101,000000 0,000000 0,000000
952 1733951345 1,200000 -1,000000 -101,000000 0,000000 0,000000
952 1733951346 1,200000 -1,000000 -101,000000 0,000000 0,000000
952 1733951347 0,200000 -1,000000 -101,000000 0,000000 0,000000
952 1733951348 0,200000 -1,000000 -101,000000 0,000000 0,000000
952 1733951349 0,200000 -1,000000 -101,000000 0,000000 0,000000
952 1733951350 0,200000 -1,000000 -101,000000 0,000000 0,000000
952 1733951351 0,200000 -1,000000 -101,000000 0,000000 0,000000
952 1733951352 0,400000 -1,000000 -101,000000 0,000000 0,000000
952 1733951353 0,400000 -1,000000 -101,000000 0,000000 0,000000
952 1733951354 0,400000 -1,000000 -101,000000 0,000000 0,000000
952 1733951355 0,400000 -1,000000 -101,000000 0,000000 0,000000
949 1733951357 1,200000 -1,000000 -101,000000 0,000000 0,000000
949 1733951358 1,200000 -1,000000 -101,000000 0,000000 0,000000
949 1733951359 1,200000 -1,000000 -101,000000 0,000000 0,000000
949 1733951360 1,200000 -1,000000 -101,000000 0,000000 0,000000
949 1733951361 1,200000 -1,000000 -101,000000 0,000000 0,000000
949 1733951362 1,200000 -1,000000 -101,000000 0,000000 0,000000
949 1733951363 1,200000 -1,000000 -101,000000 0,000000 0,000000
949 1733951364 1,200000 -1,000000 -101,000000 0,000000 0,000000
949 1733951365 1,200000 -1,000000 -101,000000 0,000000 0,000000
949 1733951366 1,200000 -1,000000 -101,000000 0,000000 0,000000
952 1733951356 0,400000 -1,000000 -101,000000 0,000000 0,000000
952 1733951357 1,200000 -1,000000 -101,000000 0,000000 0,000000
952 1733951358 1,200000 -1,000000 -101,000000 0,000000 0,000000
952 1733951359 1,200000 -1,000000 -101,000000 0,000000 0,000000
952 1733951360 1,200000 -1,000000 -101,000000 0,000000 0,000000
952 1733951361 1,200000 -1,000000 -101,000000 0,000000 0,000000
952 1733951362 1,400000 -1,000000 -101,000000 0,000000 0,000000
952 1733951363 1,400000 -1,000000 -101,000000 0,000000 0,000000
952 1733951364 1,400000 -1,000000 -101,000000 0,000000 0,000000
952 1733951365 1,400000 -1,000000 -101,000000 0,000000 0,000000
952 1733951366 1,400000 -1,000000 -101,000000 0,000000 0,000000
949 1733951377 4,800000 -1,000000 -101,000000 0,000000 0,000000
949 1733951378 4,800000 -1,000000 -101,000000 0,000000 0,000000
949 1733951379 4,800000 -1,000000 -101,000000 0,000000 0,000000
949 1733951380 4,800000 -1,000000 -101,000000 0,000000 0,000000
952 1733951377 4,200000 -1,000000 -101,000000 0,000000 0,000000
952 1733951378 4,200000 -1,000000 -101,000000 0,000000 0,000000
952 1733951379 4,200000 -1,000000 -101,000000 0,000000 0,000000
952 1733951380 4,200000 -1,000000 -101,000000 0,000000 0,000000
949 1733951381 4,800000 -1,000000 -101,000000 0,000000 0,000000
952 1733951381 4,200000 -1,000000 -101,000000 0,000000 0,000000
952 1733951392 0,200000 -1,000000 -101,000000 0,000000 0,000000
952 1733951393 0,200000 -1,000000 -101,000000 0,000000 0,000000
952 1733951394 0,200000 -1,000000 -101,000000 0,000000 0,000000
952 1733951395 0,200000 -1,000000 -101,000000 0,000000 0,000000
952 1733951396 0,200000 -1,000000 -101,000000 0,000000 0,000000
952 1733951407 2,400000 -1,000000 -101,000000 0,000000 0,000000
952 1733951408 2,400000 -1,000000 -101,000000 0,000000 0,000000
