956 1733950113 0,000000 0,000000 -101,000000 0,000000 0,000000
956 1733950114 0,000000 0,000000 -101,000000 0,000000 0,000000
956 1733950115 0,000000 0,000000 -101,000000 0,000000 0,000000
956 1733950116 0,000000 0,000000 -101,000000 0,000000 0,000000
956 1733950117 5,000000 1,800000 9,000000 9,000000 -20,200000
956 1733950118 5,000000 1,800000 18,000000 18,000000 -20,200000
956 1733950119 5,000000 1,800000 27,000000 27,000000 -20,200000
956 1733950120 5,000000 1,800000 36,000000 36,000000 -20,200000
956 1733950121 5,000000 1,800000 45,000000 45,000000 -20,200000
956 1733950122 0,000000 1,800000 45,000000 45,000000 -20,200000
956 1733950123 0,000000 1,800000 45,000000 45,000000 -20,200000
956 1733950124 0,000000 1,800000 45,000000 45,000000 -20,200000
956 1733950125 0,000000 1,800000 45,000000 45,000000 -20,200000
956 1733950126 0,000000 1,800000 45,000000 45,000000 -20,200000
956 1733950127 0,100000 2,000000 45,200000 45,200000 -20,200000
956 1733950128 0,100000 2,000000 45,400000 45,400000 -20,200000
956 1733950129 0,100000 2,000000 45,600000 45,600000 -20,200000
956 1733950130 0,100000 2,000000 45,800000 45,800000 -20,200000
956 1733950131 0,100000 2,000000 46,000000 46,000000 -20,200000
956 1733950132 0,000000 2,000000 46,000000 46,000000 -20,200000
956 1733950133 0,000000 2,000000 46,000000 46,000000 -20,200000
956 1733950134 0,000000 2,000000 46,000000 46,000000 -20,200000
956 1733950135 0,000000 2,000000 46,000000 46,000000 -20,200000
956 1733950136 0,000000 2,000000 46,000000 46,000000 -20,200000
956 1733950137 0,000000 2,000000 46,000000 46,000000 -20,200000
956 1733950138 0,000000 2,000000 46,000000 46,000000 -20,200000
956 1733950139 0,000000 2,000000 46,000000 46,000000 -20,200000
956 1733950140 0,000000 2,000000 46,000000 46,000000 -20,200000
956 1733950141 0,000000 2,000000 46,000000 46,000000 -20,200000
956 1733950142 -0,090909 2,200000 45,800000 45,800000 -20,200000
956 1733950143 -0,090909 2,200000 45,600000 45,600000 -20,200000
956 1733950144 -0,090909 2,200000 45,400000 45,400000 -20,200000
956 1733950145 -0,090909 2,200000 45,200000 45,200000 -20,200000
956 1733950146 -0,090909 2,200000 45,000000 45,000000 -20,200000
956 1733950147 -0,214286 2,800000 44,400000 44,400000 -20,200000
956 1733950148 -0,214286 2,800000 43,800000 43,800000 -20,200000
956 1733950149 -0,214286 2,800000 43,200000 43,200000 -20,200000
956 1733950150 -0,214286 2,800000 42,600000 42,600000 -20,200000
956 1733950151 -0,214286 2,800000 42,000000 42,000000 -20,200000
956 1733950152 -0,062500 3,200000 41,800000 41,800000 -20,200000
956 1733950153 -0,062500 3,200000 41,600000 41,600000 -20,200000
956 1733950154 -0,062500 3,200000 41,400000 41,400000 -20,200000
956 1733950155 -0,062500 3,200000 41,200000 41,200000 -20,200000
956 1733950156 -0,062500 3,200000 41,000000 41,000000 -20,200000
956 1733950157 0,000000 3,200000 41,000000 41,000000 -20,200000
956 1733950158 0,000000 3,200000 41,000000 41,000000 -20,200000
956 1733950159 0,000000 3,200000 41,000000 41,000000 -20,200000
956 1733950160 0,000000 3,200000 41,000000 41,000000 -20,200000
956 1733950161 0,000000 3,200000 41,000000 41,000000 -20,200000
956 1733950162 -0,058824 3,400000 40,800000 40,800000 -20,200000
956 1733950163 -0,058824 3,400000 40,600000 40,600000 -20,200000
956 1733950164 -0,058824 3,400000 40,400000 40,400000 -20,200000
956 1733950165 -0,058824 3,400000 40,200000 40,200000 -20,200000
956 1733950166 -0,058824 3,400000 40,000000 40,000000 -20,200000
956 1733950167 0,000000 3,400000 40,000000 40,000000 -20,200000
956 1733950168 0,000000 3,400000 40,000000 40,000000 -20,200000
956 1733950169 0,000000 3,400000 40,000000 40,000000 -20,200000
956 1733950170 0,000000 3,400000 40,000000 40,000000 -20,200000
956 1733950171 0,000000 3,400000 40,000000 40,000000 -20,200000
956 1733950172 0,000000 3,400000 40,000000 40,000000 -20,200000
956 1733950173 0,000000 3,400000 40,000000 40,000000 -20,200000
956 1733950174 0,000000 3,400000 40,000000 40,000000 -20,200000
956 1733950175 0,000000 3,400000 40,000000 40,000000 -20,200000
956 1733950176 0,000000 3,400000 40,000000 40,000000 -20,200000
956 1733950177 0,150000 4,000000 40,600000 40,600000 -20,200000
956 1733950178 0,150000 4,000000 41,200000 41,200000 -20,200000
956 1733950179 0,150000 4,000000 41,800000 41,800000 -20,200000
956 1733950180 0,150000 4,000000 42,400000 42,400000 -20,200000
956 1733950181 0,150000 4,000000 43,000000 43,000000 -20,200000
956 1733950182 0,000000 4,000000 43,000000 43,000000 -20,200000
956 1733950183 0,000000 4,000000 43,000000 43,000000 -20,200000
956 1733950184 0,000000 4,000000 43,000000 43,000000 -20,200000
956 1733950185 0,000000 4,000000 43,000000 43,000000 -20,200000
956 1733950186 0,000000 4,000000 43,000000 43,000000 -20,200000
956 1733950187 0,045455 4,400000 43,200000 43,200000 -20,200000
956 1733950188 0,045455 4,400000 43,400000 43,400000 -20,200000
956 1733950189 0,045455 4,400000 43,600000 43,600000 -20,200000
956 1733950190 0,045455 4,400000 43,800000 43,800000 -20,200000
956 1733950191 0,045455 4,400000 44,000000 44,000000 -20,200000
956 1733950192 0,041667 4,800000 44,200000 44,200000 -20,200000
956 1733950193 0,041667 4,800000 44,400000 44,400000 -20,200000
956 1733950194 0,041667 4,800000 44,600000 44,600000 -20,200000
956 1733950195 0,041667 4,800000 44,800000 44,800000 -20,200000
956 1733950196 0,041667 4,800000 45,000000 45,000000 -20,200000
956 1733950197 0,000000 4,800000 45,000000 45,000000 -20,200000
956 1733950198 0,000000 4,800000 45,000000 45,000000 -20,200000
956 1733950199 0,000000 4,800000 45,000000 45,000000 -20,200000
956 1733950200 0,000000 4,800000 45,000000 45,000000 -20,200000
956 1733950201 0,000000 4,800000 45,000000 45,000000 -20,200000
956 1733950202 0,000000 4,800000 45,000000 45,000000 -20,200000
956 1733950203 0,000000 4,800000 45,000000 45,000000 -20,200000
956 1733950204 0,000000 4,800000 45,000000 45,000000 -20,200000
956 1733950205 0,000000 4,800000 45,000000 45,000000 -20,200000
956 1733950206 0,000000 4,800000 45,000000 45,000000 -20,200000
956 1733950207 -0,040000 5,000000 44,800000 44,800000 -20,200000
956 1733950208 -0,040000 5,000000 44,600000 44,600000 -20,200000
956 1733950209 -0,040000 5,000000 44,400000 44,400000 -20,200000
956 1733950210 -0,040000 5,000000 44,200000 44,200000 -20,200000
956 1733950211 -0,040000 5,000000 44,000000 44,000000 -20,200000
956 1733950212 -0,071429 5,600000 43,600000 43,600000 -20,200000
956 1733950213 -0,071429 5,600000 43,200000 43,200000 -20,200000
956 1733950214 -0,071429 5,600000 42,800000 42,800000 -20,200000
956 1733950215 -0,071429 5,600000 42,400000 42,400000 -20,200000
956 1733950216 -0,071429 5,600000 42,000000 42,000000 -20,200000
956 1733950217 -0,034483 5,800000 41,800000 41,800000 -20,200000
956 1733950218 -0,034483 5,800000 41,600000 41,600000 -20,200000
956 1733950219 -0,034483 5,800000 41,400000 41,400000 -20,200000
956 1733950220 -0,034483 5,800000 41,200000 41,200000 -20,200000
956 1733950221 -0,034483 5,800000 41,000000 41,000000 -20,200000
956 1733950222 -0,062500 6,400000 40,600000 40,600000 -20,200000
956 1733950223 -0,062500 6,400000 40,200000 40,200000 -20,200000
956 1733950224 -0,062500 6,400000 39,800000 39,800000 -20,200000
956 1733950225 -0,062500 6,400000 39,400000 39,400000 -20,200000
956 1733950226 -0,062500 6,400000 39,000000 39,000000 -20,200000
956 1733950227 0,000000 6,400000 39,000000 39,000000 -20,200000
956 1733950228 0,000000 6,400000 39,000000 39,000000 -20,200000
956 1733950229 0,000000 6,400000 39,000000 39,000000 -20,200000
956 1733950230 0,000000 6,400000 39,000000 39,000000 -20,200000
956 1733950231 0,000000 6,400000 39,000000 39,000000 -20,200000
956 1733950232 0,000000 6,400000 39,000000 39,000000 -20,200000
956 1733950233 0,000000 6,400000 39,000000 39,000000 -20,200000
956 1733950234 0,000000 6,400000 39,000000 39,000000 -20,200000
956 1733950235 0,000000 6,400000 39,000000 39,000000 -20,200000
956 1733950236 0,000000 6,400000 39,000000 39,000000 -20,200000
956 1733950237 0,085714 7,000000 39,600000 39,600000 -20,200000
956 1733950238 0,085714 7,000000 40,200000 40,200000 -20,200000
956 1733950239 0,085714 7,000000 40,800000 40,800000 -20,200000
956 1733950240 0,085714 7,000000 41,400000 41,400000 -20,200000
956 1733950241 0,085714 7,000000 42,000000 42,000000 -20,200000
956 1733950242 0,000000 7,000000 42,000000 42,000000 -20,200000
956 1733950243 0,000000 7,000000 42,000000 42,000000 -20,200000
956 1733950244 0,000000 7,000000 42,000000 42,000000 -20,200000
956 1733950245 0,000000 7,000000 42,000000 42,000000 -20,200000
956 1733950246 0,000000 7,000000 42,000000 42,000000 -20,200000
956 1733950247 0,000000 7,000000 42,000000 42,000000 -20,200000
956 1733950248 0,000000 7,000000 42,000000 42,000000 -20,200000
956 1733950249 0,000000 7,000000 42,000000 42,000000 -20,200000
956 1733950250 0,000000 7,000000 42,000000 42,000000 -20,200000
956 1733950251 0,000000 7,000000 42,000000 42,000000 -20,200000
956 1733950252 0,000000 7,000000 42,000000 42,000000 -20,200000
956 1733950253 0,000000 7,000000 42,000000 42,000000 -20,200000
956 1733950254 0,000000 7,000000 42,000000 42,000000 -20,200000
956 1733950255 0,000000 7,000000 42,000000 42,000000 -20,200000
956 1733950256 0,000000 7,000000 42,000000 42,000000 -20,200000
956 1733950257 0,000000 7,000000 42,000000 42,000000 -20,200000
956 1733950258 0,000000 7,000000 42,000000 42,000000 -20,200000
956 1733950259 0,000000 7,000000 42,000000 42,000000 -20,200000
956 1733950260 0,000000 7,000000 42,000000 42,000000 -20,200000
956 1733950261 0,000000 7,000000 42,000000 42,000000 -20,200000
956 1733950262 0,026316 7,600000 42,200000 42,200000 -20,200000
956 1733950263 0,026316 7,600000 42,400000 42,400000 -20,200000
956 1733950264 0,026316 7,600000 42,600000 42,600000 -20,200000
956 1733950265 0,026316 7,600000 42,800000 42,800000 -20,200000
956 1733950266 0,026316 7,600000 43,000000 43,000000 -20,200000
956 1733950267 0,023810 8,400000 43,200000 43,200000 -20,200000
956 1733950268 0,023810 8,400000 43,400000 43,400000 -20,200000
956 1733950269 0,023810 8,400000 43,600000 43,600000 -20,200000
956 1733950270 0,023810 8,400000 43,800000 43,800000 -20,200000
956 1733950271 0,023810 8,400000 44,000000 44,000000 -20,200000
956 1733950272 -0,045455 8,800000 43,600000 43,600000 -20,200000
956 1733950273 -0,045455 8,800000 43,200000 43,200000 -20,200000
956 1733950274 -0,045455 8,800000 42,800000 42,800000 -20,200000
956 1733950275 -0,045455 8,800000 42,400000 42,400000 -20,200000
956 1733950276 -0,045455 8,800000 42,000000 42,000000 -20,200000
956 1733950277 0,000000 8,800000 42,000000 42,000000 -20,200000
956 1733950278 0,000000 8,800000 42,000000 42,000000 -20,200000
956 1733950279 0,000000 8,800000 42,000000 42,000000 -20,200000
956 1733950280 0,000000 8,800000 42,000000 42,000000 -20,200000
956 1733950281 0,000000 8,800000 42,000000 42,000000 -20,200000
956 1733950282 0,000000 8,800000 42,000000 42,000000 -20,200000
956 1733950283 0,000000 8,800000 42,000000 42,000000 -20,200000
956 1733950284 0,000000 8,800000 42,000000 42,000000 -20,200000
956 1733950285 0,000000 8,800000 42,000000 42,000000 -20,200000
956 1733950286 0,000000 8,800000 42,000000 42,000000 -20,200000
956 1733950287 0,000000 8,800000 42,000000 42,000000 -20,200000
956 1733950288 0,000000 8,800000 42,000000 42,000000 -20,200000
956 1733950289 0,000000 8,800000 42,000000 42,000000 -20,200000
956 1733950290 0,000000 8,800000 42,000000 42,000000 -20,200000
956 1733950291 0,000000 8,800000 42,000000 42,000000 -20,200000
956 1733950292 -0,022222 9,000000 41,800000 41,800000 -20,200000
956 1733950293 -0,022222 9,000000 41,600000 41,600000 -20,200000
956 1733950294 -0,022222 9,000000 41,400000 41,400000 -20,200000
956 1733950295 -0,022222 9,000000 41,200000 41,200000 -20,200000
956 1733950296 -0,022222 9,000000 41,000000 41,000000 -20,200000
956 1733950297 0,040000 10,000000 41,400000 41,400000 -20,200000
956 1733950298 0,040000 10,000000 41,800000 41,800000 -20,200000
956 1733950299 0,040000 10,000000 42,200000 42,200000 -20,200000
956 1733950300 0,040000 10,000000 42,600000 42,600000 -20,200000
956 1733950301 0,040000 10,000000 43,000000 43,000000 -20,200000
956 1733950302 0,000000 10,000000 43,000000 43,000000 -20,200000
956 1733950303 0,000000 10,000000 43,000000 43,000000 -20,200000
956 1733950304 0,000000 10,000000 43,000000 43,000000 -20,200000
956 1733950305 0,000000 10,000000 43,000000 43,000000 -20,200000
956 1733950306 0,000000 10,000000 43,000000 43,000000 -20,200000
956 1733950307 0,000000 10,200000 43,000000 43,000000 -20,200000
956 1733950308 0,000000 10,200000 43,000000 43,000000 -20,200000
956 1733950309 0,000000 10,200000 43,000000 43,000000 -20,200000
956 1733950310 0,000000 10,200000 43,000000 43,000000 -20,200000
956 1733950311 0,000000 10,200000 43,000000 43,000000 -20,200000
956 1733950312 0,000000 10,200000 43,000000 43,000000 -20,200000
956 1733950313 0,000000 10,200000 43,000000 43,000000 -20,200000
956 1733950314 0,000000 10,200000 43,000000 43,000000 -20,200000
956 1733950315 0,000000 10,200000 43,000000 43,000000 -20,200000
956 1733950316 0,000000 10,200000 43,000000 43,000000 -20,200000
956 1733950317 0,000000 10,200000 43,000000 43,000000 -20,200000
956 1733950318 0,000000 10,200000 43,000000 43,000000 -20,200000
956 1733950319 0,000000 10,200000 43,000000 43,000000 -20,200000
956 1733950320 0,000000 10,200000 43,000000 43,000000 -20,200000
956 1733950321 0,000000 10,200000 43,000000 43,000000 -20,200000
956 1733950322 0,000000 10,200000 43,000000 43,000000 -20,200000
956 1733950323 0,000000 10,200000 43,000000 43,000000 -20,200000
956 1733950324 0,000000 10,200000 43,000000 43,000000 -20,200000
956 1733950325 0,000000 10,200000 43,000000 43,000000 -20,200000
956 1733950326 0,000000 10,200000 43,000000 43,000000 -20,200000
956 1733950327 -0,037736 10,600000 42,600000 42,600000 -20,200000
956 1733950328 -0,037736 10,600000 42,200000 42,200000 -20,200000
956 1733950329 -0,037736 10,600000 41,800000 41,800000 -20,200000
956 1733950330 -0,037736 10,600000 41,400000 41,400000 -20,200000
956 1733950331 -0,037736 10,600000 41,000000 41,000000 -20,200000
956 1733950332 -0,018182 11,000000 40,800000 40,800000 -20,200000
956 1733950333 -0,018182 11,000000 40,600000 40,600000 -20,200000
956 1733950334 -0,018182 11,000000 40,400000 40,400000 -20,200000
956 1733950335 -0,018182 11,000000 40,200000 40,200000 -20,200000
956 1733950336 -0,018182 11,000000 40,000000 40,000000 -20,200000
956 1733950337 0,017857 11,200000 40,200000 40,200000 -20,200000
956 1733950338 0,017857 11,200000 40,400000 40,400000 -20,200000
956 1733950339 0,017857 11,200000 40,600000 40,600000 -20,200000
956 1733950340 0,017857 11,200000 40,800000 40,800000 -20,200000
956 1733950341 0,017857 11,200000 41,000000 41,000000 -20,200000
956 1733950342 0,000000 11,400000 41,000000 41,000000 -20,200000
956 1733950343 0,000000 11,400000 41,000000 41,000000 -20,200000
956 1733950344 0,000000 11,400000 41,000000 41,000000 -20,200000
956 1733950345 0,000000 11,400000 41,000000 41,000000 -20,200000
956 1733950346 0,000000 11,400000 41,000000 41,000000 -20,200000
956 1733950347 0,017241 11,600000 41,200000 41,200000 -20,200000
956 1733950348 0,017241 11,600000 41,400000 41,400000 -20,200000
956 1733950349 0,017241 11,600000 41,600000 41,600000 -20,200000
956 1733950350 0,017241 11,600000 41,800000 41,800000 -20,200000
956 1733950351 0,017241 11,600000 42,000000 42,000000 -20,200000
956 1733950352 0,000000 11,600000 42,000000 42,000000 -20,200000
956 1733950353 0,000000 11,600000 42,000000 42,000000 -20,200000
956 1733950354 0,000000 11,600000 42,000000 42,000000 -20,200000
956 1733950355 0,000000 11,600000 42,000000 42,000000 -20,200000
956 1733950356 0,000000 11,600000 42,000000 42,000000 -20,200000
956 1733950357 0,048387 12,400000 42,600000 42,600000 -20,200000
956 1733950358 0,048387 12,400000 43,200000 43,200000 -20,200000
956 1733950359 0,048387 12,400000 43,800000 43,800000 -20,200000
956 1733950360 0,048387 12,400000 44,400000 44,400000 -20,200000
956 1733950361 0,048387 12,400000 45,000000 45,000000 -20,200000
956 1733950362 0,000000 12,400000 45,000000 45,000000 -20,200000
956 1733950363 0,000000 12,400000 45,000000 45,000000 -20,200000
956 1733950364 0,000000 12,400000 45,000000 45,000000 -20,200000
956 1733950365 0,000000 12,400000 45,000000 45,000000 -20,200000
956 1733950366 0,000000 12,400000 45,000000 45,000000 -20,200000
956 1733950367 -0,015625 12,800000 44,800000 44,800000 -20,200000
956 1733950368 -0,015625 12,800000 44,600000 44,600000 -20,200000
956 1733950369 -0,015625 12,800000 44,400000 44,400000 -20,200000
956 1733950370 -0,015625 12,800000 44,200000 44,200000 -20,200000
956 1733950371 -0,015625 12,800000 44,000000 44,000000 -20,200000
956 1733950372 -0,030303 13,200000 43,600000 43,600000 -20,200000
956 1733950373 -0,030303 13,200000 43,200000 43,200000 -20,200000
956 1733950374 -0,030303 13,200000 42,800000 42,800000 -20,200000
956 1733950375 -0,030303 13,200000 42,400000 42,400000 -20,200000
956 1733950376 -0,030303 13,200000 42,000000 42,000000 -20,200000
956 1733950377 0,000000 13,200000 42,000000 42,000000 -20,200000
956 1733950378 0,000000 13,200000 42,000000 42,000000 -20,200000
956 1733950379 0,000000 13,200000 42,000000 42,000000 -20,200000
956 1733950380 0,000000 13,200000 42,000000 42,000000 -20,200000
956 1733950381 0,000000 13,200000 42,000000 42,000000 -20,200000
956 1733950382 0,000000 13,200000 42,000000 42,000000 -20,200000
956 1733950383 0,000000 13,200000 42,000000 42,000000 -20,200000
956 1733950384 0,000000 13,200000 42,000000 42,000000 -20,200000
956 1733950385 0,000000 13,200000 42,000000 42,000000 -20,200000
956 1733950386 0,000000 13,200000 42,000000 42,000000 -20,200000
956 1733950387 -0,014925 13,400000 41,800000 41,800000 -20,200000
956 1733950388 -0,014925 13,400000 41,600000 41,600000 -20,200000
956 1733950389 -0,014925 13,400000 41,400000 41,400000 -20,200000
956 1733950390 -0,014925 13,400000 41,200000 41,200000 -20,200000
956 1733950391 -0,014925 13,400000 41,000000 41,000000 -20,200000
956 1733950392 -0,028986 13,800000 40,600000 40,600000 -20,200000
956 1733950393 -0,028986 13,800000 40,200000 40,200000 -20,200000
956 1733950394 -0,028986 13,800000 39,800000 39,800000 -20,200000
956 1733950395 -0,028986 13,800000 39,400000 39,400000 -20,200000
956 1733950396 -0,028986 13,800000 39,000000 39,000000 -20,200000
956 1733950397 0,000000 13,800000 39,000000 39,000000 -20,200000
956 1733950398 0,000000 13,800000 39,000000 39,000000 -20,200000
956 1733950399 0,000000 13,800000 39,000000 39,000000 -20,200000
956 1733950400 0,000000 13,800000 39,000000 39,000000 -20,200000
956 1733950401 0,000000 13,800000 39,000000 39,000000 -20,200000
956 1733950402 0,000000 14,200000 39,000000 39,000000 -20,200000
956 1733950403 0,000000 14,200000 39,000000 39,000000 -20,200000
956 1733950404 0,000000 14,200000 39,000000 39,000000 -20,200000
956 1733950405 0,000000 14,200000 39,000000 39,000000 -20,200000
956 1733950406 0,000000 14,200000 39,000000 39,000000 -20,200000
956 1733950407 0,013889 14,400000 39,200000 39,200000 -20,200000
956 1733950408 0,013889 14,400000 39,400000 39,400000 -20,200000
956 1733950409 0,013889 14,400000 39,600000 39,600000 -20,200000
956 1733950410 0,013889 14,400000 39,800000 39,800000 -20,200000
956 1733950411 0,013889 14,400000 40,000000 40,000000 -20,200000
956 1733950412 0,000000 14,400000 40,000000 40,000000 -20,200000
956 1733950413 0,000000 14,400000 40,000000 40,000000 -20,200000
956 1733950414 0,000000 14,400000 40,000000 40,000000 -20,200000
956 1733950415 0,000000 14,400000 40,000000 40,000000 -20,200000
956 1733950416 0,000000 14,400000 40,000000 40,000000 -20,200000
956 1733950417 0,039474 15,200000 40,600000 40,600000 -20,200000
956 1733950418 0,039474 15,200000 41,200000 41,200000 -20,200000
956 1733950419 0,039474 15,200000 41,800000 41,800000 -20,200000
956 1733950420 0,039474 15,200000 42,400000 42,400000 -20,200000
956 1733950421 0,039474 15,200000 43,000000 43,000000 -20,200000
956 1733950422 0,025641 15,600000 43,400000 43,400000 -20,200000
956 1733950423 0,025641 15,600000 43,800000 43,800000 -20,200000
956 1733950424 0,025641 15,600000 44,200000 44,200000 -20,200000
956 1733950425 0,025641 15,600000 44,600000 44,600000 -20,200000
956 1733950426 0,025641 15,600000 45,000000 45,000000 -20,200000
956 1733950427 0,000000 15,600000 45,000000 45,000000 -20,200000
956 1733950428 0,000000 15,600000 45,000000 45,000000 -20,200000
956 1733950429 0,000000 15,600000 45,000000 45,000000 -20,200000
956 1733950430 0,000000 15,600000 45,000000 45,000000 -20,200000
956 1733950431 0,000000 15,600000 45,000000 45,000000 -20,200000
956 1733950432 0,000000 15,600000 45,000000 45,000000 -20,200000
956 1733950433 0,000000 15,600000 45,000000 45,000000 -20,200000
956 1733950434 0,000000 15,600000 45,000000 45,000000 -20,200000
956 1733950435 0,000000 15,600000 45,000000 45,000000 -20,200000
956 1733950436 0,000000 15,600000 45,000000 45,000000 -20,200000
956 1733950437 0,000000 15,600000 45,000000 45,000000 -20,200000
956 1733950438 0,000000 15,600000 45,000000 45,000000 -20,200000
956 1733950439 0,000000 15,600000 45,000000 45,000000 -20,200000
956 1733950440 0,000000 15,600000 45,000000 45,000000 -20,200000
956 1733950441 0,000000 15,600000 45,000000 45,000000 -20,200000
956 1733950442 -0,012500 16,000000 44,800000 44,800000 -20,200000
956 1733950443 -0,012500 16,000000 44,600000 44,600000 -20,200000
956 1733950444 -0,012500 16,000000 44,400000 44,400000 -20,200000
956 1733950445 -0,012500 16,000000 44,200000 44,200000 -20,200000
956 1733950446 -0,012500 16,000000 44,000000 44,000000 -20,200000
956 1733950447 -0,047619 16,800000 43,200000 43,200000 -20,200000
956 1733950448 -0,047619 16,800000 42,400000 42,400000 -20,200000
956 1733950449 -0,047619 16,800000 41,600000 41,600000 -20,200000
956 1733950450 -0,047619 16,800000 40,800000 40,800000 -20,200000
956 1733950451 -0,047619 16,800000 40,000000 40,000000 -20,200000
956 1733950452 -0,011628 17,200000 39,800000 39,800000 -20,200000
956 1733950453 -0,011628 17,200000 39,600000 39,600000 -20,200000
956 1733950454 -0,011628 17,200000 39,400000 39,400000 -20,200000
956 1733950455 -0,011628 17,200000 39,200000 39,200000 -20,200000
956 1733950456 -0,011628 17,200000 39,000000 39,000000 -20,200000
956 1733950457 0,000000 17,200000 39,000000 39,000000 -20,200000
956 1733950458 0,000000 17,200000 39,000000 39,000000 -20,200000
956 1733950459 0,000000 17,200000 39,000000 39,000000 -20,200000
956 1733950460 0,000000 17,200000 39,000000 39,000000 -20,200000
956 1733950461 0,000000 17,200000 39,000000 39,000000 -20,200000
956 1733950462 0,000000 17,200000 39,000000 39,000000 -20,200000
956 1733950463 0,000000 17,200000 39,000000 39,000000 -20,200000
956 1733950464 0,000000 17,200000 39,000000 39,000000 -20,200000
956 1733950465 0,000000 17,200000 39,000000 39,000000 -20,200000
956 1733950466 0,000000 17,200000 39,000000 39,000000 -20,200000
956 1733950467 0,000000 17,200000 39,000000 39,000000 -20,200000
956 1733950468 0,000000 17,200000 39,000000 39,000000 -20,200000
956 1733950469 0,000000 17,200000 39,000000 39,000000 -20,200000
956 1733950470 0,000000 17,200000 39,000000 39,000000 -20,200000
956 1733950471 0,000000 17,200000 39,000000 39,000000 -20,200000
956 1733950472 0,000000 17,200000 39,000000 39,000000 -20,200000
956 1733950473 0,000000 17,200000 39,000000 39,000000 -20,200000
956 1733950474 0,000000 17,200000 39,000000 39,000000 -20,200000
956 1733950475 0,000000 17,200000 39,000000 39,000000 -20,200000
956 1733950476 0,000000 17,200000 39,000000 39,000000 -20,200000
956 1733950477 0,033333 18,000000 39,600000 39,600000 -20,200000
956 1733950478 0,033333 18,000000 40,200000 40,200000 -20,200000
956 1733950479 0,033333 18,000000 40,800000 40,800000 -20,200000
956 1733950480 0,033333 18,000000 41,400000 41,400000 -20,200000
956 1733950481 0,033333 18,000000 42,000000 42,000000 -20,200000
956 1733950482 0,010989 18,200000 42,200000 42,200000 -20,200000
956 1733950483 0,010989 18,200000 42,400000 42,400000 -20,200000
956 1733950484 0,010989 18,200000 42,600000 42,600000 -20,200000
956 1733950485 0,010989 18,200000 42,800000 42,800000 -20,200000
956 1733950486 0,010989 18,200000 43,000000 43,000000 -20,200000
956 1733950487 0,000000 18,200000 43,000000 43,000000 -20,200000
956 1733950488 0,000000 18,200000 43,000000 43,000000 -20,200000
956 1733950489 0,000000 18,200000 43,000000 43,000000 -20,200000
956 1733950490 0,000000 18,200000 43,000000 43,000000 -20,200000
956 1733950491 0,000000 18,200000 43,000000 43,000000 -20,200000
956 1733950492 0,000000 18,200000 43,000000 43,000000 -20,200000
956 1733950493 0,000000 18,200000 43,000000 43,000000 -20,200000
956 1733950494 0,000000 18,200000 43,000000 43,000000 -20,200000
956 1733950495 0,000000 18,200000 43,000000 43,000000 -20,200000
956 1733950496 0,000000 18,200000 43,000000 43,000000 -20,200000
956 1733950497 0,021505 18,600000 43,400000 43,400000 -20,200000
956 1733950498 0,021505 18,600000 43,800000 43,800000 -20,200000
956 1733950499 0,021505 18,600000 44,200000 44,200000 -20,200000
956 1733950500 0,021505 18,600000 44,600000 44,600000 -20,200000
956 1733950501 0,021505 18,600000 45,000000 45,000000 -20,200000
956 1733950502 0,000000 18,800000 45,000000 45,000000 -20,200000
956 1733950503 0,000000 18,800000 45,000000 45,000000 -20,200000
956 1733950504 0,000000 18,800000 45,000000 45,000000 -20,200000
956 1733950505 0,000000 18,800000 45,000000 45,000000 -20,200000
956 1733950506 0,000000 18,800000 45,000000 45,000000 -20,200000
956 1733950507 -0,020833 19,200000 44,600000 44,600000 -20,200000
956 1733950508 -0,020833 19,200000 44,200000 44,200000 -20,200000
956 1733950509 -0,020833 19,200000 43,800000 43,800000 -20,200000
956 1733950510 -0,020833 19,200000 43,400000 43,400000 -20,200000
956 1733950511 -0,020833 19,200000 43,000000 43,000000 -20,200000
956 1733950512 -0,020202 19,800000 42,600000 42,600000 -20,200000
956 1733950513 -0,020202 19,800000 42,200000 42,200000 -20,200000
956 1733950514 -0,020202 19,800000 41,800000 41,800000 -20,200000
956 1733950515 -0,020202 19,800000 41,400000 41,400000 -20,200000
956 1733950516 -0,020202 19,800000 41,000000 41,000000 -20,200000
956 1733950517 0,000000 19,800000 41,000000 41,000000 -20,200000
956 1733950518 0,000000 19,800000 41,000000 41,000000 -20,200000
956 1733950519 0,000000 19,800000 41,000000 41,000000 -20,200000
956 1733950520 0,000000 19,800000 41,000000 41,000000 -20,200000
956 1733950521 0,000000 19,800000 41,000000 41,000000 -20,200000
956 1733950522 -0,019802 20,200000 40,600000 40,600000 -20,200000
956 1733950523 -0,019802 20,200000 40,200000 40,200000 -20,200000
956 1733950524 -0,019802 20,200000 39,800000 39,800000 -20,200000
956 1733950525 -0,019802 20,200000 39,400000 39,400000 -20,200000
956 1733950526 -0,019802 20,200000 39,000000 39,000000 -20,200000
956 1733950527 0,000000 20,200000 39,000000 39,000000 -20,200000
956 1733950528 0,000000 20,200000 39,000000 39,000000 -20,200000
956 1733950529 0,000000 20,200000 39,000000 39,000000 -20,200000
956 1733950530 0,000000 20,200000 39,000000 39,000000 -20,200000
956 1733950531 0,000000 20,200000 39,000000 39,000000 -20,200000
956 1733950532 0,000000 20,200000 39,000000 39,000000 -20,200000
956 1733950533 0,000000 20,200000 39,000000 39,000000 -20,200000
956 1733950534 0,000000 20,200000 39,000000 39,000000 -20,200000
956 1733950535 0,000000 20,200000 39,000000 39,000000 -20,200000
956 1733950536 0,000000 20,200000 39,000000 39,000000 -20,200000
956 1733950537 0,028846 20,800000 39,600000 39,600000 -20,200000
956 1733950538 0,028846 20,800000 40,200000 40,200000 -20,200000
956 1733950539 0,028846 20,800000 40,800000 40,800000 -20,200000
956 1733950540 0,028846 20,800000 41,400000 41,400000 -20,200000
956 1733950541 0,028846 20,800000 42,000000 42,000000 -20,200000
956 1733950542 0,000000 20,800000 42,000000 42,000000 -20,200000
956 1733950543 0,000000 20,800000 42,000000 42,000000 -20,200000
956 1733950544 0,000000 20,800000 42,000000 42,000000 -20,200000
956 1733950545 0,000000 20,800000 42,000000 42,000000 -20,200000
956 1733950546 0,000000 20,800000 42,000000 42,000000 -20,200000
956 1733950547 0,000000 21,200000 42,000000 42,000000 -20,200000
956 1733950548 0,000000 21,200000 42,000000 42,000000 -20,200000
956 1733950549 0,000000 21,200000 42,000000 42,000000 -20,200000
956 1733950550 0,000000 21,200000 42,000000 42,000000 -20,200000
956 1733950551 0,000000 21,200000 42,000000 42,000000 -20,200000
956 1733950552 0,009346 21,400000 42,200000 42,200000 -20,200000
956 1733950553 0,009346 21,400000 42,400000 42,400000 -20,200000
956 1733950554 0,009346 21,400000 42,600000 42,600000 -20,200000
956 1733950555 0,009346 21,400000 42,800000 42,800000 -20,200000
956 1733950556 0,009346 21,400000 43,000000 43,000000 -20,200000
956 1733950557 0,000000 21,400000 43,000000 43,000000 -20,200000
956 1733950558 0,000000 21,400000 43,000000 43,000000 -20,200000
956 1733950559 0,000000 21,400000 43,000000 43,000000 -20,200000
956 1733950560 0,000000 21,400000 43,000000 43,000000 -20,200000
956 1733950561 0,000000 21,400000 43,000000 43,000000 -20,200000
956 1733950562 0,000000 21,400000 43,000000 43,000000 -20,200000
956 1733950563 0,000000 21,400000 43,000000 43,000000 -20,200000
956 1733950564 0,000000 21,400000 43,000000 43,000000 -20,200000
956 1733950565 0,000000 21,400000 43,000000 43,000000 -20,200000
956 1733950566 0,000000 21,400000 43,000000 43,000000 -20,200000
956 1733950567 -0,018349 21,800000 42,600000 42,600000 -20,200000
956 1733950568 -0,018349 21,800000 42,200000 42,200000 -20,200000
956 1733950569 -0,018349 21,800000 41,800000 41,800000 -20,200000
956 1733950570 -0,018349 21,800000 41,400000 41,400000 -20,200000
956 1733950571 -0,018349 21,800000 41,000000 41,000000 -20,200000
956 1733950572 0,008850 22,600000 41,200000 41,200000 -20,200000
956 1733950573 0,008850 22,600000 41,400000 41,400000 -20,200000
956 1733950574 0,008850 22,600000 41,600000 41,600000 -20,200000
956 1733950575 0,008850 22,600000 41,800000 41,800000 -20,200000
956 1733950576 0,008850 22,600000 42,000000 42,000000 -20,200000
956 1733950577 0,000000 22,600000 42,000000 42,000000 -20,200000
956 1733950578 0,000000 22,600000 42,000000 42,000000 -20,200000
956 1733950579 0,000000 22,600000 42,000000 42,000000 -20,200000
956 1733950580 0,000000 22,600000 42,000000 42,000000 -20,200000
956 1733950581 0,000000 22,600000 42,000000 42,000000 -20,200000
956 1733950582 0,000000 22,800000 42,000000 42,000000 -20,200000
956 1733950583 0,000000 22,800000 42,000000 42,000000 -20,200000
956 1733950584 0,000000 22,800000 42,000000 42,000000 -20,200000
956 1733950585 0,000000 22,800000 42,000000 42,000000 -20,200000
956 1733950586 0,000000 22,800000 42,000000 42,000000 -20,200000
956 1733950587 -0,008696 23,000000 41,800000 41,800000 -20,200000
956 1733950588 -0,008696 23,000000 41,600000 41,600000 -20,200000
956 1733950589 -0,008696 23,000000 41,400000 41,400000 -20,200000
956 1733950590 -0,008696 23,000000 41,200000 41,200000 -20,200000
956 1733950591 -0,008696 23,000000 41,000000 41,000000 -20,200000
956 1733950592 0,000000 23,000000 41,000000 41,000000 -20,200000
956 1733950593 0,000000 23,000000 41,000000 41,000000 -20,200000
956 1733950594 0,000000 23,000000 41,000000 41,000000 -20,200000
956 1733950595 0,000000 23,000000 41,000000 41,000000 -20,200000
956 1733950596 0,000000 23,000000 41,000000 41,000000 -20,200000
956 1733950597 0,025210 23,800000 41,600000 41,600000 -20,200000
956 1733950598 0,025210 23,800000 42,200000 42,200000 -20,200000
956 1733950599 0,025210 23,800000 42,800000 42,800000 -20,200000
956 1733950600 0,025210 23,800000 43,400000 43,400000 -20,200000
956 1733950601 0,025210 23,800000 44,000000 44,000000 -20,200000
956 1733950602 -0,008333 24,000000 43,800000 43,800000 -20,200000
956 1733950603 -0,008333 24,000000 43,600000 43,600000 -20,200000
956 1733950604 -0,008333 24,000000 43,400000 43,400000 -20,200000
956 1733950605 -0,008333 24,000000 43,200000 43,200000 -20,200000
956 1733950606 -0,008333 24,000000 43,000000 43,000000 -20,200000
956 1733950607 0,000000 24,000000 43,000000 43,000000 -20,200000
956 1733950608 0,000000 24,000000 43,000000 43,000000 -20,200000
956 1733950609 0,000000 24,000000 43,000000 43,000000 -20,200000
956 1733950610 0,000000 24,000000 43,000000 43,000000 -20,200000
956 1733950611 0,000000 24,000000 43,000000 43,000000 -20,200000
956 1733950612 0,000000 24,000000 43,000000 43,000000 -20,200000
956 1733950613 0,000000 24,000000 43,000000 43,000000 -20,200000
956 1733950614 0,000000 24,000000 43,000000 43,000000 -20,200000
956 1733950615 0,000000 24,000000 43,000000 43,000000 -20,200000
956 1733950616 0,000000 24,000000 43,000000 43,000000 -20,200000
956 1733950617 0,000000 24,000000 43,000000 43,000000 -20,200000
956 1733950618 0,000000 24,000000 43,000000 43,000000 -20,200000
956 1733950619 0,000000 24,000000 43,000000 43,000000 -20,200000
956 1733950620 0,000000 24,000000 43,000000 43,000000 -20,200000
956 1733950621 0,000000 24,000000 43,000000 43,000000 -20,200000
956 1733950622 0,000000 24,200000 43,000000 43,000000 -20,200000
956 1733950623 0,000000 24,200000 43,000000 43,000000 -20,200000
956 1733950624 0,000000 24,200000 43,000000 43,000000 -20,200000
956 1733950625 0,000000 24,200000 43,000000 43,000000 -20,200000
956 1733950626 0,000000 24,200000 43,000000 43,000000 -20,200000
956 1733950627 0,000000 24,600000 43,000000 43,000000 -20,200000
956 1733950628 0,000000 24,600000 43,000000 43,000000 -20,200000
956 1733950629 0,000000 24,600000 43,000000 43,000000 -20,200000
956 1733950630 0,000000 24,600000 43,000000 43,000000 -20,200000
956 1733950631 0,000000 24,600000 43,000000 43,000000 -20,200000
956 1733950632 -0,016000 25,000000 42,600000 42,600000 -20,200000
956 1733950633 -0,016000 25,000000 42,200000 42,200000 -20,200000
956 1733950634 -0,016000 25,000000 41,800000 41,800000 -20,200000
956 1733950635 -0,016000 25,000000 41,400000 41,400000 -20,200000
956 1733950636 -0,016000 25,000000 41,000000 41,000000 -20,200000
956 1733950637 0,000000 25,000000 41,000000 41,000000 -20,200000
956 1733950638 0,000000 25,000000 41,000000 41,000000 -20,200000
956 1733950639 0,000000 25,000000 41,000000 41,000000 -20,200000
956 1733950640 0,000000 25,000000 41,000000 41,000000 -20,200000
956 1733950641 0,000000 25,000000 41,000000 41,000000 -20,200000
956 1733950642 0,000000 25,200000 41,000000 41,000000 -20,200000
956 1733950643 0,000000 25,200000 41,000000 41,000000 -20,200000
956 1733950644 0,000000 25,200000 41,000000 41,000000 -20,200000
956 1733950645 0,000000 25,200000 41,000000 41,000000 -20,200000
956 1733950707 0,000000 1,000000 40,000000 40,000000 10201,000000
956 1733950706 1,000000 0,200000 40,000000 40,000000 2040,208000
956 1733950705 1,000000 0,200000 39,800000 39,800000 2040,208000
956 1733950704 1,000000 0,200000 39,600000 39,600000 2040,208000
956 1733950703 1,000000 0,200000 39,400000 39,400000 2040,208000
956 1733950702 1,000000 0,200000 39,200000 39,200000 2040,208000
956 1733950701 0,000000 0,200000 39,000000 39,000000 2040,200000
956 1733950700 0,000000 0,200000 39,000000 39,000000 2040,200000
956 1733950699 0,000000 0,200000 39,000000 39,000000 2040,200000
956 1733950698 0,000000 0,200000 39,000000 39,000000 2040,200000
956 1733950697 0,000000 0,200000 39,000000 39,000000 2040,200000
956 1733950696 -2,000000 0,200000 39,000000 39,000000 2040,232000
956 1733950695 -2,000000 0,200000 39,400000 39,400000 2040,232000
956 1733950694 -2,000000 0,200000 39,800000 39,800000 2040,232000
956 1733950693 -2,000000 0,200000 40,200000 40,200000 2040,232000
956 1733950692 -2,000000 0,200000 40,600000 40,600000 2040,232000
956 1733950691 -1,000000 0,200000 41,000000 41,000000 2040,208000
956 1733950690 -1,000000 0,200000 41,200000 41,200000 2040,208000
956 1733950689 -1,000000 0,200000 41,400000 41,400000 2040,208000
956 1733950688 -1,000000 0,200000 41,600000 41,600000 2040,208000
956 1733950687 -1,000000 0,200000 41,800000 41,800000 2040,208000
956 1733950686 0,000000 0,200000 42,000000 42,000000 2040,200000
956 1733950685 0,000000 0,200000 42,000000 42,000000 2040,200000
956 1733950684 0,000000 0,200000 42,000000 42,000000 2040,200000
956 1733950683 0,000000 0,200000 42,000000 42,000000 2040,200000
956 1733950682 0,000000 0,200000 42,000000 42,000000 2040,200000
956 1733950681 -2,000000 0,200000 42,000000 42,000000 2040,232000
956 1733950680 -2,000000 0,200000 42,400000 42,400000 2040,232000
956 1733950679 -2,000000 0,200000 42,800000 42,800000 2040,232000
956 1733950678 -2,000000 0,200000 43,200000 43,200000 2040,232000
956 1733950677 -2,000000 0,200000 43,600000 43,600000 2040,232000
956 1733950676 0,000000 0,200000 44,000000 44,000000 2040,200000
956 1733950675 0,000000 0,200000 44,000000 44,000000 2040,200000
956 1733950674 0,000000 0,200000 44,000000 44,000000 2040,200000
956 1733950673 0,000000 0,200000 44,000000 44,000000 2040,200000
956 1733950672 0,000000 0,200000 44,000000 44,000000 2040,200000
956 1733950671 0,000000 0,200000 44,000000 44,000000 2040,200000
956 1733950670 0,000000 0,200000 44,000000 44,000000 2040,200000
956 1733950669 0,000000 0,200000 44,000000 44,000000 2040,200000
956 1733950668 0,000000 0,200000 44,000000 44,000000 2040,200000
956 1733950667 0,000000 0,200000 44,000000 44,000000 2040,200000
956 1733950666 -1,000000 0,200000 44,000000 44,000000 2040,208000
956 1733950665 -1,000000 0,200000 44,200000 44,200000 2040,208000
956 1733950664 -1,000000 0,200000 44,400000 44,400000 2040,208000
956 1733950663 -1,000000 0,200000 44,600000 44,600000 2040,208000
956 1733950662 -1,000000 0,200000 44,800000 44,800000 2040,208000
956 1733950661 3,000000 0,200000 45,000000 45,000000 2040,272000
956 1733950660 3,000000 0,200000 44,400000 44,400000 2040,272000
956 1733950659 3,000000 0,200000 43,800000 43,800000 2040,272000
956 1733950658 3,000000 0,200000 43,200000 43,200000 2040,272000
956 1733950657 3,000000 0,200000 42,600000 42,600000 2040,272000
956 1733950656 0,000000 0,200000 42,000000 42,000000 2040,200000
956 1733950655 0,000000 0,200000 42,000000 42,000000 2040,200000
956 1733950654 0,000000 0,200000 42,000000 42,000000 2040,200000
956 1733950653 0,000000 0,200000 42,000000 42,000000 2040,200000
956 1733950652 0,000000 0,200000 42,000000 42,000000 2040,200000
956 1733950651 1,000000 0,200000 42,000000 42,000000 2040,208000
956 1733950650 1,000000 0,200000 41,800000 41,800000 2040,208000
956 1733950649 1,000000 0,200000 41,600000 41,600000 2040,208000
956 1733950648 1,000000 0,200000 41,400000 41,400000 2040,208000
956 1733950647 1,000000 0,200000 41,200000 41,200000 2040,208000
956 1733950646 0,000000 0,200000 41,000000 41,000000 2040,200000
956 1733950646 0,000000 25,200000 41,000000 41,000000 -20,200000
956 1733950647 0,007813 25,600000 41,200000 41,200000 -20,200000
956 1733950648 0,007812 25,600000 41,400000 41,400000 -20,200000
956 1733950649 0,007813 25,600000 41,600000 41,600000 -20,200000
956 1733950650 0,007812 25,600000 41,800000 41,800000 -20,200000
956 1733950651 0,007813 25,600000 42,000000 42,000000 -20,200000
956 1733950652 0,000000 25,600000 42,000000 42,000000 -20,200000
956 1733950653 0,000000 25,600000 42,000000 42,000000 -20,200000
956 1733950654 0,000000 25,600000 42,000000 42,000000 -20,200000
956 1733950655 0,000000 25,600000 42,000000 42,000000 -20,200000
956 1733950656 0,000000 25,600000 42,000000 42,000000 -20,200000
956 1733950657 0,022727 26,400000 42,600000 42,600000 -20,200000
956 1733950658 0,022727 26,400000 43,200000 43,200000 -20,200000
956 1733950659 0,022727 26,400000 43,800000 43,800000 -20,200000
956 1733950660 0,022727 26,400000 44,400000 44,400000 -20,200000
956 1733950661 0,022727 26,400000 45,000000 45,000000 -20,200000
956 1733950662 -0,007519 26,600000 44,800000 44,800000 -20,200000
956 1733950663 -0,007519 26,600000 44,600000 44,600000 -20,200000
956 1733950664 -0,007519 26,600000 44,400000 44,400000 -20,200000
956 1733950665 -0,007519 26,600000 44,200000 44,200000 -20,200000
956 1733950666 -0,007519 26,600000 44,000000 44,000000 -20,200000
956 1733950667 0,000000 26,600000 44,000000 44,000000 -20,200000
956 1733950668 0,000000 26,600000 44,000000 44,000000 -20,200000
956 1733950669 0,000000 26,600000 44,000000 44,000000 -20,200000
956 1733950670 0,000000 26,600000 44,000000 44,000000 -20,200000
956 1733950671 0,000000 26,600000 44,000000 44,000000 -20,200000
956 1733950672 0,000000 26,600000 44,000000 44,000000 -20,200000
956 1733950673 0,000000 26,600000 44,000000 44,000000 -20,200000
956 1733950674 0,000000 26,600000 44,000000 44,000000 -20,200000
956 1733950675 0,000000 26,600000 44,000000 44,000000 -20,200000
956 1733950676 0,000000 26,600000 44,000000 44,000000 -20,200000
956 1733950677 -0,014815 27,000000 43,600000 43,600000 -20,200000
956 1733950678 -0,014815 27,000000 43,200000 43,200000 -20,200000
956 1733950679 -0,014815 27,000000 42,800000 42,800000 -20,200000
956 1733950680 -0,014815 27,000000 42,400000 42,400000 -20,200000
956 1733950681 -0,014815 27,000000 42,000000 42,000000 -20,200000
956 1733950682 0,000000 27,000000 42,000000 42,000000 -20,200000
956 1733950683 0,000000 27,000000 42,000000 42,000000 -20,200000
956 1733950684 0,000000 27,000000 42,000000 42,000000 -20,200000
956 1733950685 0,000000 27,000000 42,000000 42,000000 -20,200000
956 1733950686 0,000000 27,000000 42,000000 42,000000 -20,200000
956 1733950687 -0,007353 27,200000 41,800000 41,800000 -20,200000
956 1733950688 -0,007353 27,200000 41,600000 41,600000 -20,200000
956 1733950689 -0,007353 27,200000 41,400000 41,400000 -20,200000
956 1733950690 -0,007353 27,200000 41,200000 41,200000 -20,200000
956 1733950691 -0,007353 27,200000 41,000000 41,000000 -20,200000
956 1733950692 -0,014286 28,000000 40,600000 40,600000 -20,200000
956 1733950693 -0,014286 28,000000 40,200000 40,200000 -20,200000
956 1733950694 -0,014286 28,000000 39,800000 39,800000 -20,200000
956 1733950695 -0,014286 28,000000 39,400000 39,400000 -20,200000
956 1733950696 -0,014286 28,000000 39,000000 39,000000 -20,200000
956 1733950697 0,000000 28,000000 39,000000 39,000000 -20,200000
956 1733950698 0,000000 28,000000 39,000000 39,000000 -20,200000
956 1733950699 0,000000 28,000000 39,000000 39,000000 -20,200000
956 1733950700 0,000000 28,000000 39,000000 39,000000 -20,200000
956 1733950701 0,000000 28,000000 39,000000 39,000000 -20,200000
956 1733950702 0,007092 28,200000 39,200000 39,200000 -20,200000
956 1733950703 0,007092 28,200000 39,400000 39,400000 -20,200000
956 1733950704 0,007092 28,200000 39,600000 39,600000 -20,200000
956 1733950705 0,007092 28,200000 39,800000 39,800000 -20,200000
956 1733950706 0,007092 28,200000 40,000000 40,000000 -20,200000
956 1733950707 0,000000 28,200000 40,000000 40,000000 -20,200000
956 1733950708 0,000000 28,200000 40,000000 40,000000 -20,200000
956 1733950709 0,000000 28,200000 40,000000 40,000000 -20,200000
956 1733950710 0,000000 28,200000 40,000000 40,000000 -20,200000
956 1733950711 0,000000 28,200000 40,000000 40,000000 -20,200000
956 1733950712 0,000000 28,200000 40,000000 40,000000 -20,200000
956 1733950713 0,000000 28,200000 40,000000 40,000000 -20,200000
956 1733950714 0,000000 28,200000 40,000000 40,000000 -20,200000
956 1733950715 0,000000 28,200000 40,000000 40,000000 -20,200000
956 1733950716 0,000000 28,200000 40,000000 40,000000 -20,200000
956 1733950717 0,020833 28,800000 40,600000 40,600000 -20,200000
956 1733950718 0,020833 28,800000 41,200000 41,200000 -20,200000
956 1733950719 0,020833 28,800000 41,800000 41,800000 -20,200000
956 1733950720 0,020833 28,800000 42,400000 42,400000 -20,200000
956 1733950721 0,020833 28,800000 43,000000 43,000000 -20,200000
956 1733950722 0,006849 29,200000 43,200000 43,200000 -20,200000
956 1733950723 0,006849 29,200000 43,400000 43,400000 -20,200000
956 1733950724 0,006849 29,200000 43,600000 43,600000 -20,200000
956 1733950725 0,006849 29,200000 43,800000 43,800000 -20,200000
956 1733950726 0,006849 29,200000 44,000000 44,000000 -20,200000
956 1733950727 0,006757 29,600000 44,200000 44,200000 -20,200000
956 1733950728 0,006757 29,600000 44,400000 44,400000 -20,200000
956 1733950729 0,006757 29,600000 44,600000 44,600000 -20,200000
956 1733950730 0,006757 29,600000 44,800000 44,800000 -20,200000
956 1733950731 0,006757 29,600000 45,000000 45,000000 -20,200000
956 1733950732 -0,006711 29,800000 44,800000 44,800000 -20,200000
956 1733950733 -0,006711 29,800000 44,600000 44,600000 -20,200000
956 1733950734 -0,006711 29,800000 44,400000 44,400000 -20,200000
956 1733950735 -0,006711 29,800000 44,200000 44,200000 -20,200000
956 1733950736 -0,006711 29,800000 44,000000 44,000000 -20,200000
956 1733950737 0,000000 29,800000 44,000000 44,000000 -20,200000
956 1733950738 0,000000 29,800000 44,000000 44,000000 -20,200000
956 1733950739 0,000000 29,800000 44,000000 44,000000 -20,200000
956 1733950740 0,000000 29,800000 44,000000 44,000000 -20,200000
956 1733950741 0,000000 29,800000 44,000000 44,000000 -20,200000
956 1733950742 0,000000 30,000000 44,000000 44,000000 -20,200000
956 1733950743 0,000000 30,000000 44,000000 44,000000 -20,200000
956 1733950744 0,000000 30,000000 44,000000 44,000000 -20,200000
956 1733950745 0,000000 30,000000 44,000000 44,000000 -20,200000
956 1733950746 0,000000 30,000000 44,000000 44,000000 -20,200000
956 1733950747 -0,006623 30,200000 43,800000 43,800000 -20,200000
956 1733950748 -0,006623 30,200000 43,600000 43,600000 -20,200000
956 1733950749 -0,006623 30,200000 43,400000 43,400000 -20,200000
956 1733950750 -0,006623 30,200000 43,200000 43,200000 -20,200000
956 1733950751 -0,006623 30,200000 43,000000 43,000000 -20,200000
956 1733950752 -0,013072 30,600000 42,600000 42,600000 -20,200000
956 1733950753 -0,013072 30,600000 42,200000 42,200000 -20,200000
956 1733950754 -0,013072 30,600000 41,800000 41,800000 -20,200000
956 1733950755 -0,013072 30,600000 41,400000 41,400000 -20,200000
956 1733950756 -0,013072 30,600000 41,000000 41,000000 -20,200000
956 1733950757 0,000000 30,600000 41,000000 41,000000 -20,200000
956 1733950758 0,000000 30,600000 41,000000 41,000000 -20,200000
956 1733950759 0,000000 30,600000 41,000000 41,000000 -20,200000
956 1733950760 0,000000 30,600000 41,000000 41,000000 -20,200000
956 1733950761 0,000000 30,600000 41,000000 41,000000 -20,200000
956 1733950762 0,000000 30,800000 41,000000 41,000000 -20,200000
956 1733950763 0,000000 30,800000 41,000000 41,000000 -20,200000
956 1733950764 0,000000 30,800000 41,000000 41,000000 -20,200000
956 1733950765 0,000000 30,800000 41,000000 41,000000 -20,200000
956 1733950766 0,000000 30,800000 41,000000 41,000000 -20,200000
956 1733950767 0,000000 30,800000 41,000000 41,000000 -20,200000
956 1733950768 0,000000 30,800000 41,000000 41,000000 -20,200000
956 1733950769 0,000000 30,800000 41,000000 41,000000 -20,200000
956 1733950770 0,000000 30,800000 41,000000 41,000000 -20,200000
956 1733950771 0,000000 30,800000 41,000000 41,000000 -20,200000
956 1733950772 0,006452 31,000000 41,200000 41,200000 -20,200000
956 1733950773 0,006452 31,000000 41,400000 41,400000 -20,200000
956 1733950774 0,006452 31,000000 41,600000 41,600000 -20,200000
956 1733950775 0,006452 31,000000 41,800000 41,800000 -20,200000
956 1733950776 0,006452 31,000000 42,000000 42,000000 -20,200000
956 1733950777 0,018987 31,600000 42,600000 42,600000 -20,200000
956 1733950778 0,018987 31,600000 43,200000 43,200000 -20,200000
956 1733950779 0,018987 31,600000 43,800000 43,800000 -20,200000
956 1733950780 0,018987 31,600000 44,400000 44,400000 -20,200000
956 1733950781 0,018987 31,600000 45,000000 45,000000 -20,200000
956 1733950782 0,000000 31,600000 45,000000 45,000000 -20,200000
956 1733950783 0,000000 31,600000 45,000000 45,000000 -20,200000
956 1733950784 0,000000 31,600000 45,000000 45,000000 -20,200000
956 1733950785 0,000000 31,600000 45,000000 45,000000 -20,200000
956 1733950786 0,000000 31,600000 45,000000 45,000000 -20,200000
956 1733950787 0,000000 31,800000 45,000000 45,000000 -20,200000
956 1733950788 0,000000 31,800000 45,000000 45,000000 -20,200000
956 1733950789 0,000000 31,800000 45,000000 45,000000 -20,200000
956 1733950790 0,000000 31,800000 45,000000 45,000000 -20,200000
956 1733950791 0,000000 31,800000 45,000000 45,000000 -20,200000
956 1733950792 0,000000 31,800000 45,000000 45,000000 -20,200000
956 1733950793 0,000000 31,800000 45,000000 45,000000 -20,200000
956 1733950794 0,000000 31,800000 45,000000 45,000000 -20,200000
956 1733950795 0,000000 31,800000 45,000000 45,000000 -20,200000
956 1733950796 0,000000 31,800000 45,000000 45,000000 -20,200000
956 1733950797 0,000000 31,800000 45,000000 45,000000 -20,200000
956 1733950798 0,000000 31,800000 45,000000 45,000000 -20,200000
956 1733950799 0,000000 31,800000 45,000000 45,000000 -20,200000
956 1733950800 0,000000 31,800000 45,000000 45,000000 -20,200000
956 1733950801 0,000000 31,800000 45,000000 45,000000 -20,200000
956 1733950802 0,000000 32,400000 45,000000 45,000000 -20,200000
956 1733950803 0,000000 32,400000 45,000000 45,000000 -20,200000
956 1733950804 0,000000 32,400000 45,000000 45,000000 -20,200000
956 1733950805 0,000000 32,400000 45,000000 45,000000 -20,200000
956 1733950806 0,000000 32,400000 45,000000 45,000000 -20,200000
956 1733950807 -0,012195 32,800000 44,600000 44,600000 -20,200000
956 1733950808 -0,012195 32,800000 44,200000 44,200000 -20,200000
956 1733950809 -0,012195 32,800000 43,800000 43,800000 -20,200000
956 1733950810 -0,012195 32,800000 43,400000 43,400000 -20,200000
956 1733950811 -0,012195 32,800000 43,000000 43,000000 -20,200000
956 1733950812 -0,012048 33,200000 42,600000 42,600000 -20,200000
956 1733950813 -0,012048 33,200000 42,200000 42,200000 -20,200000
956 1733950814 -0,012048 33,200000 41,800000 41,800000 -20,200000
956 1733950815 -0,012048 33,200000 41,400000 41,400000 -20,200000
956 1733950816 -0,012048 33,200000 41,000000 41,000000 -20,200000
956 1733950817 0,000000 33,200000 41,000000 41,000000 -20,200000
956 1733950818 0,000000 33,200000 41,000000 41,000000 -20,200000
956 1733950819 0,000000 33,200000 41,000000 41,000000 -20,200000
956 1733950820 0,000000 33,200000 41,000000 41,000000 -20,200000
956 1733950821 0,000000 33,200000 41,000000 41,000000 -20,200000
956 1733950822 0,000000 33,200000 41,000000 41,000000 -20,200000
956 1733950823 0,000000 33,200000 41,000000 41,000000 -20,200000
956 1733950824 0,000000 33,200000 41,000000 41,000000 -20,200000
956 1733950825 0,000000 33,200000 41,000000 41,000000 -20,200000
956 1733950826 0,000000 33,200000 41,000000 41,000000 -20,200000
956 1733950827 -0,011905 33,600000 40,600000 40,600000 -20,200000
956 1733950828 -0,011905 33,600000 40,200000 40,200000 -20,200000
956 1733950829 -0,011905 33,600000 39,800000 39,800000 -20,200000
956 1733950830 -0,011905 33,600000 39,400000 39,400000 -20,200000
956 1733950831 -0,011905 33,600000 39,000000 39,000000 -20,200000
956 1733950832 0,000000 33,600000 39,000000 39,000000 -20,200000
956 1733950833 0,000000 33,600000 39,000000 39,000000 -20,200000
956 1733950834 0,000000 33,600000 39,000000 39,000000 -20,200000
956 1733950835 0,000000 33,600000 39,000000 39,000000 -20,200000
956 1733950836 0,000000 33,600000 39,000000 39,000000 -20,200000
956 1733950837 0,017341 34,600000 39,600000 39,600000 -20,200000
956 1733950838 0,017341 34,600000 40,200000 40,200000 -20,200000
956 1733950839 0,017341 34,600000 40,800000 40,800000 -20,200000
956 1733950840 0,017341 34,600000 41,400000 41,400000 -20,200000
956 1733950841 0,017341 34,600000 42,000000 42,000000 -20,200000
956 1733950842 0,000000 34,600000 42,000000 42,000000 -20,200000
956 1733950843 0,000000 34,600000 42,000000 42,000000 -20,200000
956 1733950844 0,000000 34,600000 42,000000 42,000000 -20,200000
956 1733950845 0,000000 34,600000 42,000000 42,000000 -20,200000
956 1733950846 0,000000 34,600000 42,000000 42,000000 -20,200000
956 1733950847 0,005747 34,800000 42,200000 42,200000 -20,200000
956 1733950848 0,005747 34,800000 42,400000 42,400000 -20,200000
956 1733950849 0,005747 34,800000 42,600000 42,600000 -20,200000
956 1733950850 0,005747 34,800000 42,800000 42,800000 -20,200000
956 1733950851 0,005747 34,800000 43,000000 43,000000 -20,200000
956 1733950852 0,000000 34,800000 43,000000 43,000000 -20,200000
956 1733950853 0,000000 34,800000 43,000000 43,000000 -20,200000
956 1733950854 0,000000 34,800000 43,000000 43,000000 -20,200000
956 1733950855 0,000000 34,800000 43,000000 43,000000 -20,200000
956 1733950856 0,000000 34,800000 43,000000 43,000000 -20,200000
956 1733950857 0,000000 34,800000 43,000000 43,000000 -20,200000
956 1733950858 0,000000 34,800000 43,000000 43,000000 -20,200000
956 1733950859 0,000000 34,800000 43,000000 43,000000 -20,200000
956 1733950860 0,000000 34,800000 43,000000 43,000000 -20,200000
956 1733950861 0,000000 34,800000 43,000000 43,000000 -20,200000
956 1733950862 0,000000 34,800000 43,000000 43,000000 -20,200000
956 1733950863 0,000000 34,800000 43,000000 43,000000 -20,200000
956 1733950864 0,000000 34,800000 43,000000 43,000000 -20,200000
956 1733950865 0,000000 34,800000 43,000000 43,000000 -20,200000
956 1733950866 0,000000 34,800000 43,000000 43,000000 -20,200000
956 1733950867 -0,005714 35,000000 42,800000 42,800000 -20,200000
956 1733950868 -0,005714 35,000000 42,600000 42,600000 -20,200000
956 1733950869 -0,005714 35,000000 42,400000 42,400000 -20,200000
956 1733950870 -0,005714 35,000000 42,200000 42,200000 -20,200000
956 1733950871 -0,005714 35,000000 42,000000 42,000000 -20,200000
956 1733950872 -0,011236 35,600000 41,600000 41,600000 -20,200000
956 1733950873 -0,011236 35,600000 41,200000 41,200000 -20,200000
956 1733950874 -0,011236 35,600000 40,800000 40,800000 -20,200000
956 1733950875 -0,011236 35,600000 40,400000 40,400000 -20,200000
956 1733950876 -0,011236 35,600000 40,000000 40,000000 -20,200000
956 1733950877 0,005495 36,400000 40,200000 40,200000 -20,200000
956 1733950878 0,005495 36,400000 40,400000 40,400000 -20,200000
956 1733950879 0,005495 36,400000 40,600000 40,600000 -20,200000
956 1733950880 0,005495 36,400000 40,800000 40,800000 -20,200000
956 1733950881 0,005495 36,400000 41,000000 41,000000 -20,200000
956 1733950882 0,000000 36,600000 41,000000 41,000000 -20,200000
956 1733950883 0,000000 36,600000 41,000000 41,000000 -20,200000
956 1733950884 0,000000 36,600000 41,000000 41,000000 -20,200000
956 1733950885 0,000000 36,600000 41,000000 41,000000 -20,200000
956 1733950886 0,000000 36,600000 41,000000 41,000000 -20,200000
956 1733950887 0,000000 36,600000 41,000000 41,000000 -20,200000
956 1733950888 0,000000 36,600000 41,000000 41,000000 -20,200000
956 1733950889 0,000000 36,600000 41,000000 41,000000 -20,200000
956 1733950890 0,000000 36,600000 41,000000 41,000000 -20,200000
956 1733950891 0,000000 36,600000 41,000000 41,000000 -20,200000
956 1733950892 0,000000 36,600000 41,000000 41,000000 -20,200000
956 1733950893 0,000000 36,600000 41,000000 41,000000 -20,200000
956 1733950894 0,000000 36,600000 41,000000 41,000000 -20,200000
956 1733950895 0,000000 36,600000 41,000000 41,000000 -20,200000
956 1733950896 0,000000 36,600000 41,000000 41,000000 -20,200000
956 1733950897 0,016129 37,200000 41,600000 41,600000 -20,200000
956 1733950898 0,016129 37,200000 42,200000 42,200000 -20,200000
956 1733950899 0,016129 37,200000 42,800000 42,800000 -20,200000
956 1733950900 0,016129 37,200000 43,400000 43,400000 -20,200000
956 1733950901 0,016129 37,200000 44,000000 44,000000 -20,200000
956 1733950902 -0,010638 37,600000 43,600000 43,600000 -20,200000
956 1733950903 -0,010638 37,600000 43,200000 43,200000 -20,200000
956 1733950904 -0,010638 37,600000 42,800000 42,800000 -20,200000
956 1733950905 -0,010638 37,600000 42,400000 42,400000 -20,200000
956 1733950906 -0,010638 37,600000 42,000000 42,000000 -20,200000
956 1733950907 0,000000 37,800000 42,000000 42,000000 -20,200000
956 1733950908 0,000000 37,800000 42,000000 42,000000 -20,200000
956 1733950909 0,000000 37,800000 42,000000 42,000000 -20,200000
956 1733950910 0,000000 37,800000 42,000000 42,000000 -20,200000
956 1733950911 0,000000 37,800000 42,000000 42,000000 -20,200000
956 1733950912 0,000000 37,800000 42,000000 42,000000 -20,200000
956 1733950913 0,000000 37,800000 42,000000 42,000000 -20,200000
956 1733950914 0,000000 37,800000 42,000000 42,000000 -20,200000
956 1733950915 0,000000 37,800000 42,000000 42,000000 -20,200000
956 1733950916 0,000000 37,800000 42,000000 42,000000 -20,200000
956 1733950917 0,005263 38,000000 42,200000 42,200000 -20,200000
956 1733950918 0,005263 38,000000 42,400000 42,400000 -20,200000
956 1733950919 0,005263 38,000000 42,600000 42,600000 -20,200000
956 1733950920 0,005263 38,000000 42,800000 42,800000 -20,200000
956 1733950921 0,005263 38,000000 43,000000 43,000000 -20,200000
956 1733950922 0,000000 38,000000 43,000000 43,000000 -20,200000
956 1733950923 0,000000 38,000000 43,000000 43,000000 -20,200000
956 1733950924 0,000000 38,000000 43,000000 43,000000 -20,200000
956 1733950925 0,000000 38,000000 43,000000 43,000000 -20,200000
956 1733950926 0,000000 38,000000 43,000000 43,000000 -20,200000
956 1733950927 -0,005236 38,200000 42,800000 42,800000 -20,200000
956 1733950928 -0,005236 38,200000 42,600000 42,600000 -20,200000
956 1733950929 -0,005236 38,200000 42,400000 42,400000 -20,200000
956 1733950930 -0,005236 38,200000 42,200000 42,200000 -20,200000
956 1733950931 -0,005236 38,200000 42,000000 42,000000 -20,200000
956 1733950932 -0,010309 38,800000 41,600000 41,600000 -20,200000
956 1733950933 -0,010309 38,800000 41,200000 41,200000 -20,200000
956 1733950934 -0,010309 38,800000 40,800000 40,800000 -20,200000
956 1733950935 -0,010309 38,800000 40,400000 40,400000 -20,200000
956 1733950936 -0,010309 38,800000 40,000000 40,000000 -20,200000
956 1733950937 0,000000 38,800000 40,000000 40,000000 -20,200000
956 1733950938 0,000000 38,800000 40,000000 40,000000 -20,200000
956 1733950939 0,000000 38,800000 40,000000 40,000000 -20,200000
956 1733950940 0,000000 38,800000 40,000000 40,000000 -20,200000
956 1733950941 0,000000 38,800000 40,000000 40,000000 -20,200000
956 1733950942 0,000000 39,000000 40,000000 40,000000 -20,200000
956 1733950943 0,000000 39,000000 40,000000 40,000000 -20,200000
956 1733950944 0,000000 39,000000 40,000000 40,000000 -20,200000
956 1733950945 0,000000 39,000000 40,000000 40,000000 -20,200000
956 1733950946 0,000000 39,000000 40,000000 40,000000 -20,200000
956 1733950947 0,000000 39,000000 40,000000 40,000000 -20,200000
956 1733950948 0,000000 39,000000 40,000000 40,000000 -20,200000
956 1733950949 0,000000 39,000000 40,000000 40,000000 -20,200000
956 1733950950 0,000000 39,000000 40,000000 40,000000 -20,200000
956 1733950951 0,000000 39,000000 40,000000 40,000000 -20,200000
956 1733950952 0,005051 39,600000 40,200000 40,200000 -20,200000
956 1733950953 0,005051 39,600000 40,400000 40,400000 -20,200000
956 1733950954 0,005051 39,600000 40,600000 40,600000 -20,200000
956 1733950955 0,005051 39,600000 40,800000 40,800000 -20,200000
956 1733950956 0,005051 39,600000 41,000000 41,000000 -20,200000
956 1733950957 0,014925 40,200000 41,600000 41,600000 -20,200000
956 1733950958 0,014925 40,200000 42,200000 42,200000 -20,200000
956 1733950959 0,014925 40,200000 42,800000 42,800000 -20,200000
956 1733950960 0,014925 40,200000 43,400000 43,400000 -20,200000
956 1733950961 0,014925 40,200000 44,000000 44,000000 -20,200000
956 1733950962 0,000000 40,200000 44,000000 44,000000 -20,200000
956 1733950963 0,000000 40,200000 44,000000 44,000000 -20,200000
956 1733950964 0,000000 40,200000 44,000000 44,000000 -20,200000
956 1733950965 0,000000 40,200000 44,000000 44,000000 -20,200000
956 1733950966 0,000000 40,200000 44,000000 44,000000 -20,200000
956 1733950967 0,000000 40,200000 44,000000 44,000000 -20,200000
956 1733950968 0,000000 40,200000 44,000000 44,000000 -20,200000
956 1733950969 0,000000 40,200000 44,000000 44,000000 -20,200000
956 1733950970 0,000000 40,200000 44,000000 44,000000 -20,200000
956 1733950971 0,000000 40,200000 44,000000 44,000000 -20,200000
956 1733950972 0,000000 40,200000 44,000000 44,000000 -20,200000
956 1733950973 0,000000 40,200000 44,000000 44,000000 -20,200000
956 1733950974 0,000000 40,200000 44,000000 44,000000 -20,200000
956 1733950975 0,000000 40,200000 44,000000 44,000000 -20,200000
956 1733950976 0,000000 40,200000 44,000000 44,000000 -20,200000
956 1733950977 -0,004950 40,400000 43,800000 43,800000 -20,200000
956 1733950978 -0,004950 40,400000 43,600000 43,600000 -20,200000
956 1733950979 -0,004950 40,400000 43,400000 43,400000 -20,200000
956 1733950980 -0,004950 40,400000 43,200000 43,200000 -20,200000
956 1733950981 -0,004950 40,400000 43,000000 43,000000 -20,200000
956 1733950982 -0,004878 41,000000 42,800000 42,800000 -20,200000
956 1733950983 -0,004878 41,000000 42,600000 42,600000 -20,200000
956 1733950984 -0,004878 41,000000 42,400000 42,400000 -20,200000
956 1733950985 -0,004878 41,000000 42,200000 42,200000 -20,200000
956 1733950986 -0,004878 41,000000 42,000000 42,000000 -20,200000
956 1733950987 -0,004854 41,200000 41,800000 41,800000 -20,200000
956 1733950988 -0,004854 41,200000 41,600000 41,600000 -20,200000
956 1733950989 -0,004854 41,200000 41,400000 41,400000 -20,200000
956 1733950990 -0,004854 41,200000 41,200000 41,200000 -20,200000
956 1733950991 -0,004854 41,200000 41,000000 41,000000 -20,200000
956 1733950992 -0,004785 41,800000 40,800000 40,800000 -20,200000
956 1733950993 -0,004785 41,800000 40,600000 40,600000 -20,200000
956 1733950994 -0,004785 41,800000 40,400000 40,400000 -20,200000
956 1733950995 -0,004785 41,800000 40,200000 40,200000 -20,200000
956 1733950996 -0,004785 41,800000 40,000000 40,000000 -20,200000
956 1733950997 0,000000 41,800000 40,000000 40,000000 -20,200000
956 1733950998 0,000000 41,800000 40,000000 40,000000 -20,200000
956 1733950999 0,000000 41,800000 40,000000 40,000000 -20,200000
956 1733951000 0,000000 41,800000 40,000000 40,000000 -20,200000
956 1733951001 0,000000 41,800000 40,000000 40,000000 -20,200000
956 1733951002 0,000000 41,800000 40,000000 40,000000 -20,200000
956 1733951003 0,000000 41,800000 40,000000 40,000000 -20,200000
956 1733951004 0,000000 41,800000 40,000000 40,000000 -20,200000
956 1733951005 0,000000 41,800000 40,000000 40,000000 -20,200000
956 1733951006 0,000000 41,800000 40,000000 40,000000 -20,200000
956 1733951007 0,000000 41,800000 40,000000 40,000000 -20,200000
956 1733951008 0,000000 41,800000 40,000000 40,000000 -20,200000
956 1733951009 0,000000 41,800000 40,000000 40,000000 -20,200000
956 1733951010 0,000000 41,800000 40,000000 40,000000 -20,200000
956 1733951011 0,000000 41,800000 40,000000 40,000000 -20,200000
956 1733951012 0,000000 41,800000 40,000000 40,000000 -20,200000
956 1733951013 0,000000 41,800000 40,000000 40,000000 -20,200000
956 1733951014 0,000000 41,800000 40,000000 40,000000 -20,200000
956 1733951015 0,000000 41,800000 40,000000 40,000000 -20,200000
956 1733951016 0,000000 41,800000 40,000000 40,000000 -20,200000
956 1733951017 0,014085 42,600000 40,600000 40,600000 -20,200000
956 1733951018 0,014085 42,600000 41,200000 41,200000 -20,200000
956 1733951019 0,014085 42,600000 41,800000 41,800000 -20,200000
956 1733951020 0,014085 42,600000 42,400000 42,400000 -20,200000
956 1733951021 0,014085 42,600000 43,000000 43,000000 -20,200000
956 1733951022 -0,004673 42,800000 42,800000 42,800000 -20,200000
956 1733951023 -0,004673 42,800000 42,600000 42,600000 -20,200000
956 1733951024 -0,004673 42,800000 42,400000 42,400000 -20,200000
956 1733951025 -0,004673 42,800000 42,200000 42,200000 -20,200000
956 1733951026 -0,004673 42,800000 42,000000 42,000000 -20,200000
956 1733951027 0,009174 43,600000 42,400000 42,400000 -20,200000
956 1733951028 0,009174 43,600000 42,800000 42,800000 -20,200000
956 1733951029 0,009174 43,600000 43,200000 43,200000 -20,200000
956 1733951030 0,009174 43,600000 43,600000 43,600000 -20,200000
956 1733951031 0,009174 43,600000 44,000000 44,000000 -20,200000
956 1733951032 0,000000 43,600000 44,000000 44,000000 -20,200000
956 1733951033 0,000000 43,600000 44,000000 44,000000 -20,200000
956 1733951034 0,000000 43,600000 44,000000 44,000000 -20,200000
956 1733951035 0,000000 43,600000 44,000000 44,000000 -20,200000
956 1733951036 0,000000 43,600000 44,000000 44,000000 -20,200000
956 1733951037 0,000000 43,600000 44,000000 44,000000 -20,200000
956 1733951038 0,000000 43,600000 44,000000 44,000000 -20,200000
956 1733951039 0,000000 43,600000 44,000000 44,000000 -20,200000
956 1733951040 0,000000 43,600000 44,000000 44,000000 -20,200000
956 1733951041 0,000000 43,600000 44,000000 44,000000 -20,200000
956 1733951042 0,000000 43,600000 44,000000 44,000000 -20,200000
956 1733951043 0,000000 43,600000 44,000000 44,000000 -20,200000
956 1733951044 0,000000 43,600000 44,000000 44,000000 -20,200000
956 1733951045 0,000000 43,600000 44,000000 44,000000 -20,200000
956 1733951046 0,000000 43,600000 44,000000 44,000000 -20,200000
956 1733951047 -0,004566 43,800000 43,800000 43,800000 -20,200000
956 1733951048 -0,004566 43,800000 43,600000 43,600000 -20,200000
956 1733951049 -0,004566 43,800000 43,400000 43,400000 -20,200000
956 1733951050 -0,004566 43,800000 43,200000 43,200000 -20,200000
956 1733951051 -0,004566 43,800000 43,000000 43,000000 -20,200000
956 1733951052 -0,009009 44,400000 42,600000 42,600000 -20,200000
956 1733951053 -0,009009 44,400000 42,200000 42,200000 -20,200000
956 1733951054 -0,009009 44,400000 41,800000 41,800000 -20,200000
956 1733951055 -0,009009 44,400000 41,400000 41,400000 -20,200000
956 1733951056 -0,009009 44,400000 41,000000 41,000000 -20,200000
956 1733951057 -0,004484 44,600000 40,800000 40,800000 -20,200000
956 1733951058 -0,004484 44,600000 40,600000 40,600000 -20,200000
956 1733951059 -0,004484 44,600000 40,400000 40,400000 -20,200000
956 1733951060 -0,004484 44,600000 40,200000 40,200000 -20,200000
956 1733951061 -0,004484 44,600000 40,000000 40,000000 -20,200000
956 1733951062 0,000000 44,600000 40,000000 40,000000 -20,200000
956 1733951063 0,000000 44,600000 40,000000 40,000000 -20,200000
956 1733951064 0,000000 44,600000 40,000000 40,000000 -20,200000
956 1733951065 0,000000 44,600000 40,000000 40,000000 -20,200000
956 1733951066 0,000000 44,600000 40,000000 40,000000 -20,200000
956 1733951067 0,004464 44,800000 40,200000 40,200000 -20,200000
956 1733951068 0,004464 44,800000 40,400000 40,400000 -20,200000
956 1733951069 0,004464 44,800000 40,600000 40,600000 -20,200000
956 1733951070 0,004464 44,800000 40,800000 40,800000 -20,200000
956 1733951071 0,004464 44,800000 41,000000 41,000000 -20,200000
956 1733951072 0,000000 44,800000 41,000000 41,000000 -20,200000
956 1733951073 0,000000 44,800000 41,000000 41,000000 -20,200000
956 1733951074 0,000000 44,800000 41,000000 41,000000 -20,200000
956 1733951075 0,000000 44,800000 41,000000 41,000000 -20,200000
956 1733951076 0,000000 44,800000 41,000000 41,000000 -20,200000
956 1733951077 0,013158 45,600000 41,600000 41,600000 -20,200000
956 1733951078 0,013158 45,600000 42,200000 42,200000 -20,200000
956 1733951079 0,013158 45,600000 42,800000 42,800000 -20,200000
956 1733951080 0,013158 45,600000 43,400000 43,400000 -20,200000
956 1733951081 0,013158 45,600000 44,000000 44,000000 -20,200000
956 1733951082 0,000000 45,600000 44,000000 44,000000 -20,200000
956 1733951083 0,000000 45,600000 44,000000 44,000000 -20,200000
956 1733951084 0,000000 45,600000 44,000000 44,000000 -20,200000
956 1733951085 0,000000 45,600000 44,000000 44,000000 -20,200000
956 1733951086 0,000000 45,600000 44,000000 44,000000 -20,200000
956 1733951087 0,000000 45,800000 44,000000 44,000000 -20,200000
956 1733951088 0,000000 45,800000 44,000000 44,000000 -20,200000
956 1733951089 0,000000 45,800000 44,000000 44,000000 -20,200000
956 1733951090 0,000000 45,800000 44,000000 44,000000 -20,200000
956 1733951091 0,000000 45,800000 44,000000 44,000000 -20,200000
956 1733951092 0,000000 45,800000 44,000000 44,000000 -20,200000
956 1733951093 0,000000 45,800000 44,000000 44,000000 -20,200000
956 1733951094 0,000000 45,800000 44,000000 44,000000 -20,200000
956 1733951095 0,000000 45,800000 44,000000 44,000000 -20,200000
956 1733951096 0,000000 45,800000 44,000000 44,000000 -20,200000
956 1733951097 -0,004348 46,000000 43,800000 43,800000 -20,200000
956 1733951098 -0,004348 46,000000 43,600000 43,600000 -20,200000
956 1733951099 -0,004348 46,000000 43,400000 43,400000 -20,200000
956 1733951100 -0,004348 46,000000 43,200000 43,200000 -20,200000
956 1733951101 -0,004348 46,000000 43,000000 43,000000 -20,200000
956 1733951102 0,000000 46,200000 43,000000 43,000000 -20,200000
956 1733951103 0,000000 46,200000 43,000000 43,000000 -20,200000
956 1733951104 0,000000 46,200000 43,000000 43,000000 -20,200000
956 1733951105 0,000000 46,200000 43,000000 43,000000 -20,200000
956 1733951106 0,000000 46,200000 43,000000 43,000000 -20,200000
956 1733951107 0,000000 46,600000 43,000000 43,000000 -20,200000
956 1733951108 0,000000 46,600000 43,000000 43,000000 -20,200000
956 1733951109 0,000000 46,600000 43,000000 43,000000 -20,200000
956 1733951110 0,000000 46,600000 43,000000 43,000000 -20,200000
956 1733951111 0,000000 46,600000 43,000000 43,000000 -20,200000
956 1733951112 -0,008511 47,000000 42,600000 42,600000 -20,200000
956 1733951113 -0,008511 47,000000 42,200000 42,200000 -20,200000
956 1733951114 -0,008511 47,000000 41,800000 41,800000 -20,200000
956 1733951115 -0,008511 47,000000 41,400000 41,400000 -20,200000
956 1733951116 -0,008511 47,000000 41,000000 41,000000 -20,200000
956 1733951117 0,000000 47,000000 41,000000 41,000000 -20,200000
956 1733951118 0,000000 47,000000 41,000000 41,000000 -20,200000
956 1733951119 0,000000 47,000000 41,000000 41,000000 -20,200000
956 1733951120 0,000000 47,000000 41,000000 41,000000 -20,200000
956 1733951121 0,000000 47,000000 41,000000 41,000000 -20,200000
956 1733951122 0,000000 47,400000 41,000000 41,000000 -20,200000
956 1733951123 0,000000 47,400000 41,000000 41,000000 -20,200000
956 1733951124 0,000000 47,400000 41,000000 41,000000 -20,200000
956 1733951125 0,000000 47,400000 41,000000 41,000000 -20,200000
956 1733951126 0,000000 47,400000 41,000000 41,000000 -20,200000
956 1733951127 0,000000 47,400000 41,000000 41,000000 -20,200000
956 1733951128 0,000000 47,400000 41,000000 41,000000 -20,200000
956 1733951129 0,000000 47,400000 41,000000 41,000000 -20,200000
956 1733951130 0,000000 47,400000 41,000000 41,000000 -20,200000
956 1733951131 0,000000 47,400000 41,000000 41,000000 -20,200000
956 1733951132 -0,008368 47,800000 40,600000 40,600000 -20,200000
956 1733951133 -0,008368 47,800000 40,200000 40,200000 -20,200000
956 1733951134 -0,008368 47,800000 39,800000 39,800000 -20,200000
956 1733951135 -0,008368 47,800000 39,400000 39,400000 -20,200000
956 1733951136 -0,008368 47,800000 39,000000 39,000000 -20,200000
956 1733951137 0,016461 48,600000 39,800000 39,800000 -20,200000
956 1733951138 0,016461 48,600000 40,600000 40,600000 -20,200000
956 1733951139 0,016461 48,600000 41,400000 41,400000 -20,200000
956 1733951140 0,016461 48,600000 42,200000 42,200000 -20,200000
956 1733951141 0,016461 48,600000 43,000000 43,000000 -20,200000
956 1733951142 0,000000 48,600000 43,000000 43,000000 -20,200000
956 1733951143 0,000000 48,600000 43,000000 43,000000 -20,200000
956 1733951144 0,000000 48,600000 43,000000 43,000000 -20,200000
956 1733951145 0,000000 48,600000 43,000000 43,000000 -20,200000
956 1733951146 0,000000 48,600000 43,000000 43,000000 -20,200000
956 1733951147 0,000000 48,600000 43,000000 43,000000 -20,200000
956 1733951148 0,000000 48,600000 43,000000 43,000000 -20,200000
956 1733951149 0,000000 48,600000 43,000000 43,000000 -20,200000
956 1733951150 0,000000 48,600000 43,000000 43,000000 -20,200000
956 1733951151 0,000000 48,600000 43,000000 43,000000 -20,200000
956 1733951152 0,000000 48,600000 43,000000 43,000000 -20,200000
956 1733951153 0,000000 48,600000 43,000000 43,000000 -20,200000
956 1733951154 0,000000 48,600000 43,000000 43,000000 -20,200000
956 1733951155 0,000000 48,600000 43,000000 43,000000 -20,200000
956 1733951156 0,000000 48,600000 43,000000 43,000000 -20,200000
956 1733951157 0,000000 48,600000 43,000000 43,000000 -20,200000
956 1733951158 0,000000 48,600000 43,000000 43,000000 -20,200000
956 1733951159 0,000000 48,600000 43,000000 43,000000 -20,200000
956 1733951160 0,000000 48,600000 43,000000 43,000000 -20,200000
956 1733951161 0,000000 48,600000 43,000000 43,000000 -20,200000
956 1733951162 0,000000 48,800000 43,000000 43,000000 -20,200000
956 1733951163 0,000000 48,800000 43,000000 43,000000 -20,200000
956 1733951164 0,000000 48,800000 43,000000 43,000000 -20,200000
956 1733951165 0,000000 48,800000 43,000000 43,000000 -20,200000
956 1733951166 0,000000 48,800000 43,000000 43,000000 -20,200000
956 1733951167 -0,004082 49,000000 42,800000 42,800000 -20,200000
956 1733951168 -0,004082 49,000000 42,600000 42,600000 -20,200000
956 1733951169 -0,004082 49,000000 42,400000 42,400000 -20,200000
956 1733951170 -0,004082 49,000000 42,200000 42,200000 -20,200000
956 1733951171 -0,004082 49,000000 42,000000 42,000000 -20,200000
956 1733951172 -0,012048 49,800000 41,400000 41,400000 -20,200000
956 1733951173 -0,012048 49,800000 40,800000 40,800000 -20,200000
956 1733951174 -0,012048 49,800000 40,200000 40,200000 -20,200000
956 1733951175 -0,012048 49,800000 39,600000 39,600000 -20,200000
956 1733951176 -0,012048 49,800000 39,000000 39,000000 -20,200000
956 1733951177 0,000000 50,000000 39,000000 39,000000 -20,200000
956 1733951178 0,000000 50,000000 39,000000 39,000000 -20,200000
956 1733951179 0,000000 50,000000 39,000000 39,000000 -20,200000
956 1733951180 0,000000 50,000000 39,000000 39,000000 -20,200000
956 1733951181 0,000000 50,000000 39,000000 39,000000 -20,200000
956 1733951182 0,007937 50,400000 39,400000 39,400000 -20,200000
956 1733951183 0,007937 50,400000 39,800000 39,800000 -20,200000
956 1733951184 0,007937 50,400000 40,200000 40,200000 -20,200000
956 1733951185 0,007937 50,400000 40,600000 40,600000 -20,200000
956 1733951186 0,007937 50,400000 41,000000 41,000000 -20,200000
956 1733951187 0,000000 50,400000 41,000000 41,000000 -20,200000
956 1733951188 0,000000 50,400000 41,000000 41,000000 -20,200000
956 1733951189 0,000000 50,400000 41,000000 41,000000 -20,200000
956 1733951190 0,000000 50,400000 41,000000 41,000000 -20,200000
956 1733951191 0,000000 50,400000 41,000000 41,000000 -20,200000
956 1733951192 0,000000 50,400000 41,000000 41,000000 -20,200000
956 1733951193 0,000000 50,400000 41,000000 41,000000 -20,200000
956 1733951194 0,000000 50,400000 41,000000 41,000000 -20,200000
956 1733951195 0,000000 50,400000 41,000000 41,000000 -20,200000
956 1733951196 0,000000 50,400000 41,000000 41,000000 -20,200000
956 1733951197 0,011719 51,200000 41,600000 41,600000 -20,200000
956 1733951198 0,011719 51,200000 42,200000 42,200000 -20,200000
956 1733951199 0,011719 51,200000 42,800000 42,800000 -20,200000
956 1733951200 0,011719 51,200000 43,400000 43,400000 -20,200000
956 1733951201 0,011719 51,200000 44,000000 44,000000 -20,200000
956 1733951202 0,000000 51,200000 44,000000 44,000000 -20,200000
956 1733951203 0,000000 51,200000 44,000000 44,000000 -20,200000
956 1733951204 0,000000 51,200000 44,000000 44,000000 -20,200000
956 1733951205 0,000000 51,200000 44,000000 44,000000 -20,200000
956 1733951206 0,000000 51,200000 44,000000 44,000000 -20,200000
956 1733951207 -0,007752 51,600000 43,600000 43,600000 -20,200000
956 1733951208 -0,007752 51,600000 43,200000 43,200000 -20,200000
956 1733951209 -0,007752 51,600000 42,800000 42,800000 -20,200000
956 1733951210 -0,007752 51,600000 42,400000 42,400000 -20,200000
956 1733951211 -0,007752 51,600000 42,000000 42,000000 -20,200000
956 1733951212 0,003861 51,800000 42,200000 42,200000 -20,200000
956 1733951213 0,003861 51,800000 42,400000 42,400000 -20,200000
956 1733951214 0,003861 51,800000 42,600000 42,600000 -20,200000
956 1733951215 0,003861 51,800000 42,800000 42,800000 -20,200000
956 1733951216 0,003861 51,800000 43,000000 43,000000 -20,200000
956 1733951217 0,000000 51,800000 43,000000 43,000000 -20,200000
956 1733951218 0,000000 51,800000 43,000000 43,000000 -20,200000
956 1733951219 0,000000 51,800000 43,000000 43,000000 -20,200000
956 1733951220 0,000000 51,800000 43,000000 43,000000 -20,200000
956 1733951221 0,000000 51,800000 43,000000 43,000000 -20,200000
956 1733951222 0,000000 52,000000 43,000000 43,000000 -20,200000
956 1733951223 0,000000 52,000000 43,000000 43,000000 -20,200000
956 1733951224 0,000000 52,000000 43,000000 43,000000 -20,200000
956 1733951225 0,000000 52,000000 43,000000 43,000000 -20,200000
956 1733951226 0,000000 52,000000 43,000000 43,000000 -20,200000
956 1733951227 -0,003831 52,200000 42,800000 42,800000 -20,200000
956 1733951228 -0,003831 52,200000 42,600000 42,600000 -20,200000
956 1733951229 -0,003831 52,200000 42,400000 42,400000 -20,200000
956 1733951230 -0,003831 52,200000 42,200000 42,200000 -20,200000
956 1733951231 -0,003831 52,200000 42,000000 42,000000 -20,200000
956 1733951232 -0,007576 52,800000 41,600000 41,600000 -20,200000
956 1733951233 -0,007576 52,800000 41,200000 41,200000 -20,200000
956 1733951234 -0,007576 52,800000 40,800000 40,800000 -20,200000
956 1733951235 -0,007576 52,800000 40,400000 40,400000 -20,200000
956 1733951236 -0,007576 52,800000 40,000000 40,000000 -20,200000
956 1733951237 0,000000 52,800000 40,000000 40,000000 -20,200000
956 1733951238 0,000000 52,800000 40,000000 40,000000 -20,200000
956 1733951239 0,000000 52,800000 40,000000 40,000000 -20,200000
956 1733951240 0,000000 52,800000 40,000000 40,000000 -20,200000
956 1733951241 0,000000 52,800000 40,000000 40,000000 -20,200000
956 1733951242 -0,003774 53,000000 39,800000 39,800000 -20,200000
956 1733951243 -0,003774 53,000000 39,600000 39,600000 -20,200000
956 1733951244 -0,003774 53,000000 39,400000 39,400000 -20,200000
956 1733951245 -0,003774 53,000000 39,200000 39,200000 -20,200000
956 1733951246 -0,003774 53,000000 39,000000 39,000000 -20,200000
956 1733951247 0,000000 53,000000 39,000000 39,000000 -20,200000
956 1733951248 0,000000 53,000000 39,000000 39,000000 -20,200000
956 1733951249 0,000000 53,000000 39,000000 39,000000 -20,200000
956 1733951250 0,000000 53,000000 39,000000 39,000000 -20,200000
956 1733951251 0,000000 53,000000 39,000000 39,000000 -20,200000
956 1733951252 0,000000 53,000000 39,000000 39,000000 -20,200000
956 1733951253 0,000000 53,000000 39,000000 39,000000 -20,200000
956 1733951254 0,000000 53,000000 39,000000 39,000000 -20,200000
956 1733951255 0,000000 53,000000 39,000000 39,000000 -20,200000
956 1733951256 0,000000 53,000000 39,000000 39,000000 -20,200000
956 1733951257 0,018519 54,000000 40,000000 40,000000 -20,200000
956 1733951258 0,018519 54,000000 41,000000 41,000000 -20,200000
956 1733951259 0,018519 54,000000 42,000000 42,000000 -20,200000
956 1733951260 0,018519 54,000000 43,000000 43,000000 -20,200000
956 1733951261 0,018519 54,000000 44,000000 44,000000 -20,200000
956 1733951262 0,000000 54,000000 44,000000 44,000000 -20,200000
956 1733951263 0,000000 54,000000 44,000000 44,000000 -20,200000
956 1733951264 0,000000 54,000000 44,000000 44,000000 -20,200000
956 1733951265 0,000000 54,000000 44,000000 44,000000 -20,200000
956 1733951266 0,000000 54,000000 44,000000 44,000000 -20,200000
956 1733951267 0,000000 54,400000 44,000000 44,000000 -20,200000
956 1733951268 0,000000 54,400000 44,000000 44,000000 -20,200000
956 1733951269 0,000000 54,400000 44,000000 44,000000 -20,200000
956 1733951270 0,000000 54,400000 44,000000 44,000000 -20,200000
956 1733951271 0,000000 54,400000 44,000000 44,000000 -20,200000
956 1733951272 0,000000 54,400000 44,000000 44,000000 -20,200000
956 1733951273 0,000000 54,400000 44,000000 44,000000 -20,200000
956 1733951274 0,000000 54,400000 44,000000 44,000000 -20,200000
956 1733951275 0,000000 54,400000 44,000000 44,000000 -20,200000
956 1733951276 0,000000 54,400000 44,000000 44,000000 -20,200000
956 1733951277 0,000000 54,400000 44,000000 44,000000 -20,200000
956 1733951278 0,000000 54,400000 44,000000 44,000000 -20,200000
956 1733951279 0,000000 54,400000 44,000000 44,000000 -20,200000
956 1733951280 0,000000 54,400000 44,000000 44,000000 -20,200000
956 1733951281 0,000000 54,400000 44,000000 44,000000 -20,200000
956 1733951282 -0,003636 55,000000 43,800000 43,800000 -20,200000
956 1733951283 -0,003636 55,000000 43,600000 43,600000 -20,200000
956 1733951284 -0,003636 55,000000 43,400000 43,400000 -20,200000
956 1733951285 -0,003636 55,000000 43,200000 43,200000 -20,200000
956 1733951286 -0,003636 55,000000 43,000000 43,000000 -20,200000
956 1733951287 -0,003623 55,200000 42,800000 42,800000 -20,200000
956 1733951288 -0,003623 55,200000 42,600000 42,600000 -20,200000
956 1733951289 -0,003623 55,200000 42,400000 42,400000 -20,200000
956 1733951290 -0,003623 55,200000 42,200000 42,200000 -20,200000
956 1733951291 -0,003623 55,200000 42,000000 42,000000 -20,200000
956 1733951292 -0,007194 55,600000 41,600000 41,600000 -20,200000
956 1733951293 -0,007194 55,600000 41,200000 41,200000 -20,200000
956 1733951294 -0,007194 55,600000 40,800000 40,800000 -20,200000
956 1733951295 -0,007194 55,600000 40,400000 40,400000 -20,200000
956 1733951296 -0,007194 55,600000 40,000000 40,000000 -20,200000
956 1733951297 0,000000 55,600000 40,000000 40,000000 -20,200000
956 1733951298 0,000000 55,600000 40,000000 40,000000 -20,200000
956 1733951299 0,000000 55,600000 40,000000 40,000000 -20,200000
956 1733951300 0,000000 55,600000 40,000000 40,000000 -20,200000
956 1733951301 0,000000 55,600000 40,000000 40,000000 -20,200000
956 1733951302 0,000000 55,800000 40,000000 40,000000 -20,200000
956 1733951303 0,000000 55,800000 40,000000 40,000000 -20,200000
956 1733951304 0,000000 55,800000 40,000000 40,000000 -20,200000
956 1733951305 0,000000 55,800000 40,000000 40,000000 -20,200000
956 1733951306 0,000000 55,800000 40,000000 40,000000 -20,200000
956 1733951307 0,000000 55,800000 40,000000 40,000000 -20,200000
956 1733951308 0,000000 55,800000 40,000000 40,000000 -20,200000
956 1733951309 0,000000 55,800000 40,000000 40,000000 -20,200000
956 1733951310 0,000000 55,800000 40,000000 40,000000 -20,200000
956 1733951311 0,000000 55,800000 40,000000 40,000000 -20,200000
956 1733951312 0,000000 55,800000 40,000000 40,000000 -20,200000
956 1733951313 0,000000 55,800000 40,000000 40,000000 -20,200000
956 1733951314 0,000000 55,800000 40,000000 40,000000 -20,200000
956 1733951315 0,000000 55,800000 40,000000 40,000000 -20,200000
956 1733951316 0,000000 55,800000 40,000000 40,000000 -20,200000
956 1733951317 0,007042 56,800000 40,400000 40,400000 -20,200000
956 1733951318 0,007042 56,800000 40,800000 40,800000 -20,200000
956 1733951319 0,007042 56,800000 41,200000 41,200000 -20,200000
956 1733951320 0,007042 56,800000 41,600000 41,600000 -20,200000
956 1733951321 0,007042 56,800000 42,000000 42,000000 -20,200000
956 1733951322 0,000000 56,800000 42,000000 42,000000 -20,200000
956 1733951323 0,000000 56,800000 42,000000 42,000000 -20,200000
956 1733951324 0,000000 56,800000 42,000000 42,000000 -20,200000
956 1733951325 0,000000 56,800000 42,000000 42,000000 -20,200000
956 1733951326 0,000000 56,800000 42,000000 42,000000 -20,200000
956 1733951327 0,000000 56,800000 42,000000 42,000000 -20,200000
956 1733951328 0,000000 56,800000 42,000000 42,000000 -20,200000
956 1733951329 0,000000 56,800000 42,000000 42,000000 -20,200000
956 1733951330 0,000000 56,800000 42,000000 42,000000 -20,200000
956 1733951331 0,000000 56,800000 42,000000 42,000000 -20,200000
956 1733951332 0,006969 57,400000 42,400000 42,400000 -20,200000
956 1733951333 0,006969 57,400000 42,800000 42,800000 -20,200000
956 1733951334 0,006969 57,400000 43,200000 43,200000 -20,200000
956 1733951335 0,006969 57,400000 43,600000 43,600000 -20,200000
956 1733951336 0,006969 57,400000 44,000000 44,000000 -20,200000
956 1733951337 0,000000 57,400000 44,000000 44,000000 -20,200000
956 1733951338 0,000000 57,400000 44,000000 44,000000 -20,200000
956 1733951339 0,000000 57,400000 44,000000 44,000000 -20,200000
956 1733951340 0,000000 57,400000 44,000000 44,000000 -20,200000
956 1733951341 0,000000 57,400000 44,000000 44,000000 -20,200000
956 1733951342 0,000000 57,600000 44,000000 44,000000 -20,200000
956 1733951343 0,000000 57,600000 44,000000 44,000000 -20,200000
956 1733951344 0,000000 57,600000 44,000000 44,000000 -20,200000
956 1733951345 0,000000 57,600000 44,000000 44,000000 -20,200000
956 1733951346 0,000000 57,600000 44,000000 44,000000 -20,200000
956 1733951347 -0,003460 57,800000 43,800000 43,800000 -20,200000
956 1733951348 -0,003460 57,800000 43,600000 43,600000 -20,200000
956 1733951349 -0,003460 57,800000 43,400000 43,400000 -20,200000
956 1733951350 -0,003460 57,800000 43,200000 43,200000 -20,200000
956 1733951351 -0,003460 57,800000 43,000000 43,000000 -20,200000
956 1733951352 -0,006873 58,200000 42,600000 42,600000 -20,200000
956 1733951353 -0,006873 58,200000 42,200000 42,200000 -20,200000
956 1733951354 -0,006873 58,200000 41,800000 41,800000 -20,200000
956 1733951355 -0,006873 58,200000 41,400000 41,400000 -20,200000
956 1733951356 -0,006873 58,200000 41,000000 41,000000 -20,200000
956 1733951357 0,000000 58,600000 41,000000 41,000000 -20,200000
956 1733951358 0,000000 58,600000 41,000000 41,000000 -20,200000
956 1733951359 0,000000 58,600000 41,000000 41,000000 -20,200000
956 1733951360 0,000000 58,600000 41,000000 41,000000 -20,200000
956 1733951361 0,000000 58,600000 41,000000 41,000000 -20,200000
956 1733951362 -0,003390 59,000000 40,800000 40,800000 -20,200000
956 1733951363 -0,003390 59,000000 40,600000 40,600000 -20,200000
956 1733951364 -0,003390 59,000000 40,400000 40,400000 -20,200000
956 1733951365 -0,003390 59,000000 40,200000 40,200000 -20,200000
956 1733951366 -0,003390 59,000000 40,000000 40,000000 -20,200000
956 1733951367 0,000000 59,000000 40,000000 40,000000 -20,200000
956 1733951368 0,000000 59,000000 40,000000 40,000000 -20,200000
956 1733951369 0,000000 59,000000 40,000000 40,000000 -20,200000
956 1733951370 0,000000 59,000000 40,000000 40,000000 -20,200000
956 1733951371 0,000000 59,000000 40,000000 40,000000 -20,200000
956 1733951372 0,000000 59,000000 40,000000 40,000000 -20,200000
956 1733951373 0,000000 59,000000 40,000000 40,000000 -20,200000
956 1733951374 0,000000 59,000000 40,000000 40,000000 -20,200000
956 1733951375 0,000000 59,000000 40,000000 40,000000 -20,200000
956 1733951376 0,000000 59,000000 40,000000 40,000000 -20,200000
956 1733951377 0,010033 59,800000 40,600000 40,600000 -20,200000
956 1733951378 0,010033 59,800000 41,200000 41,200000 -20,200000
956 1733951379 0,010033 59,800000 41,800000 41,800000 -20,200000
956 1733951380 0,010033 59,800000 42,400000 42,400000 -20,200000
956 1733951381 0,010033 59,800000 43,000000 43,000000 -20,200000
956 1733951382 0,000000 59,800000 43,000000 43,000000 -20,200000
956 1733951383 0,000000 59,800000 43,000000 43,000000 -20,200000
956 1733951384 0,000000 59,800000 43,000000 43,000000 -20,200000
956 1733951385 0,000000 59,800000 43,000000 43,000000 -20,200000
956 1733951386 0,000000 59,800000 43,000000 43,000000 -20,200000
956 1733951387 0,000000 59,800000 43,000000 43,000000 -20,200000
956 1733951388 0,000000 59,800000 43,000000 43,000000 -20,200000
956 1733951389 0,000000 59,800000 43,000000 43,000000 -20,200000
956 1733951390 0,000000 59,800000 43,000000 43,000000 -20,200000
956 1733951391 0,000000 59,800000 43,000000 43,000000 -20,200000
956 1733951392 -0,003333 60,000000 42,800000 42,800000 -20,200000
956 1733951393 -0,003333 60,000000 42,600000 42,600000 -20,200000
956 1733951394 -0,003333 60,000000 42,400000 42,400000 -20,200000
956 1733951395 -0,003333 60,000000 42,200000 42,200000 -20,200000
956 1733951396 -0,003333 60,000000 42,000000 42,000000 -20,200000
956 1733951397 0,000000 60,000000 42,000000 42,000000 -20,200000
956 1733951398 0,000000 60,000000 42,000000 42,000000 -20,200000
956 1733951399 0,000000 60,000000 42,000000 42,000000 -20,200000
956 1733951400 0,000000 60,000000 42,000000 42,000000 -20,200000
956 1733951401 0,000000 60,000000 42,000000 42,000000 -20,200000
956 1733951402 0,000000 60,000000 42,000000 42,000000 -20,200000
956 1733951403 0,000000 60,000000 42,000000 42,000000 -20,200000
956 1733951404 0,000000 60,000000 42,000000 42,000000 -20,200000
956 1733951405 0,000000 60,000000 42,000000 42,000000 -20,200000
956 1733951406 0,000000 60,000000 42,000000 42,000000 -20,200000
956 1733951407 0,000000 60,800000 42,000000 42,000000 -20,200000
956 1733951408 0,000000 60,800000 42,000000 42,000000 -20,200000
956 1733951409 0,000000 60,800000 42,000000 42,000000 -20,200000
