931 1733950112 3,400000 -1,000000 -101,000000 0,000000 0,000000
931 1733950113 3,400000 -1,000000 -101,000000 0,000000 0,000000
931 1733950114 3,400000 -1,000000 -101,000000 0,000000 0,000000
931 1733950115 3,400000 -1,000000 -101,000000 0,000000 0,000000
931 1733950116 3,400000 -1,000000 -101,000000 0,000000 0,000000
931 1733950117 1,400000 -1,000000 -101,000000 0,000000 0,000000
931 1733950118 1,400000 -1,000000 -101,000000 0,000000 0,000000
931 1733950119 1,400000 -1,000000 -101,000000 0,000000 0,000000
931 1733950120 1,400000 -1,000000 -101,000000 0,000000 0,000000
931 1733950121 1,400000 -1,000000 -101,000000 0,000000 0,000000
931 1733950122 1,400000 -1,000000 -101,000000 0,000000 0,000000
931 1733950123 1,400000 -1,000000 -101,000000 0,000000 0,000000
931 1733950124 1,400000 -1,000000 -101,000000 0,000000 0,000000
931 1733950125 1,400000 -1,000000 -101,000000 0,000000 0,000000
931 1733950126 1,400000 -1,000000 -101,000000 0,000000 0,000000
931 1733950127 2,800000 -1,000000 -101,000000 0,000000 0,000000
931 1733950128 2,800000 -1,000000 -101,000000 0,000000 0,000000
931 1733950129 2,800000 -1,000000 -101,000000 0,000000 0,000000
931 1733950130 2,800000 -1,000000 -101,000000 0,000000 0,000000
931 1733950131 2,800000 -1,000000 -101,000000 0,000000 0,000000
931 1733950132 1,200000 -1,000000 -101,000000 0,000000 0,000000
931 1733950133 1,200000 -1,000000 -101,000000 0,000000 0,000000
931 1733950134 1,200000 -1,000000 -101,000000 0,000000 0,000000
931 1733950135 1,200000 -1,000000 -101,000000 0,000000 0,000000
931 1733950136 1,200000 -1,000000 -101,000000 0,000000 0,000000
931 1733950137 0,600000 -1,000000 -101,000000 0,000000 0,000000
931 1733950138 0,600000 -1,000000 -101,000000 0,000000 0,000000
931 1733950139 0,600000 -1,000000 -101,000000 0,000000 0,000000
931 1733950140 0,600000 -1,000000 -101,000000 0,000000 0,000000
931 1733950141 0,600000 -1,000000 -101,000000 0,000000 0,000000
931 1733950142 1,600000 -1,000000 -101,000000 0,000000 0,000000
931 1733950143 1,600000 -1,000000 -101,000000 0,000000 0,000000
931 1733950144 1,600000 -1,000000 -101,000000 0,000000 0,000000
931 1733950145 1,600000 -1,000000 -101,000000 0,000000 0,000000
931 1733950146 1,600000 -1,000000 -101,000000 0,000000 0,000000
931 1733950147 1,400000 -1,000000 -101,000000 0,000000 0,000000
931 1733950148 1,400000 -1,000000 -101,000000 0,000000 0,000000
931 1733950149 1,400000 -1,000000 -101,000000 0,000000 0,000000
931 1733950150 1,400000 -1,000000 -101,000000 0,000000 0,000000
931 1733950151 1,400000 -1,000000 -101,000000 0,000000 0,000000
931 1733950152 1,000000 -1,000000 -101,000000 0,000000 0,000000
931 1733950153 1,000000 -1,000000 -101,000000 0,000000 0,000000
931 1733950154 1,000000 -1,000000 -101,000000 0,000000 0,000000
931 1733950155 1,000000 -1,000000 -101,000000 0,000000 0,000000
931 1733950156 1,000000 -1,000000 -101,000000 0,000000 0,000000
931 1733950157 1,000000 -1,000000 -101,000000 0,000000 0,000000
931 1733950158 1,000000 -1,000000 -101,000000 0,000000 0,000000
931 1733950159 1,000000 -1,000000 -101,000000 0,000000 0,000000
931 1733950160 1,000000 -1,000000 -101,000000 0,000000 0,000000
931 1733950161 1,000000 -1,000000 -101,000000 0,000000 0,000000
931 1733950162 0,600000 -1,000000 -101,000000 0,000000 0,000000
931 1733950163 0,600000 -1,000000 -101,000000 0,000000 0,000000
931 1733950164 0,600000 -1,000000 -101,000000 0,000000 0,000000
931 1733950165 0,600000 -1,000000 -101,000000 0,000000 0,000000
931 1733950166 0,600000 -1,000000 -101,000000 0,000000 0,000000
931 1733950167 0,200000 -1,000000 -101,000000 0,000000 0,000000
931 1733950168 0,200000 -1,000000 -101,000000 0,000000 0,000000
931 1733950169 0,200000 -1,000000 -101,000000 0,000000 0,000000
931 1733950170 0,200000 -1,000000 -101,000000 0,000000 0,000000
931 1733950171 0,200000 -1,000000 -101,000000 0,000000 0,000000
931 1733950172 0,600000 -1,000000 -101,000000 0,000000 0,000000
931 1733950173 0,600000 -1,000000 -101,000000 0,000000 0,000000
931 1733950174 0,600000 -1,000000 -101,000000 0,000000 0,000000
931 1733950175 0,600000 -1,000000 -101,000000 0,000000 0,000000
931 1733950176 0,600000 -1,000000 -101,000000 0,000000 0,000000
931 1733950177 0,800000 -1,000000 -101,000000 0,000000 0,000000
931 1733950178 0,800000 -1,000000 -101,000000 0,000000 0,000000
931 1733950179 0,800000 -1,000000 -101,000000 0,000000 0,000000
931 1733950180 0,800000 -1,000000 -101,000000 0,000000 0,000000
931 1733950181 0,800000 -1,000000 -101,000000 0,000000 0,000000
931 1733950182 1,600000 -1,000000 -101,000000 0,000000 0,000000
931 1733950183 1,600000 -1,000000 -101,000000 0,000000 0,000000
931 1733950184 1,600000 -1,000000 -101,000000 0,000000 0,000000
931 1733950185 1,600000 -1,000000 -101,000000 0,000000 0,000000
931 1733950186 1,600000 -1,000000 -101,000000 0,000000 0,000000
931 1733950187 1,600000 -1,000000 -101,000000 0,000000 0,000000
931 1733950188 1,600000 -1,000000 -101,000000 0,000000 0,000000
931 1733950189 1,600000 -1,000000 -101,000000 0,000000 0,000000
931 1733950190 1,600000 -1,000000 -101,000000 0,000000 0,000000
931 1733950191 1,600000 -1,000000 -101,000000 0,000000 0,000000
931 1733950192 0,600000 -1,000000 -101,000000 0,000000 0,000000
931 1733950193 0,600000 -1,000000 -101,000000 0,000000 0,000000
931 1733950194 0,600000 -1,000000 -101,000000 0,000000 0,000000
931 1733950195 0,600000 -1,000000 -101,000000 0,000000 0,000000
931 1733950196 0,600000 -1,000000 -101,000000 0,000000 0,000000
931 1733950197 0,400000 -1,000000 -101,000000 0,000000 0,000000
931 1733950198 0,400000 -1,000000 -101,000000 0,000000 0,000000
931 1733950199 0,400000 -1,000000 -101,000000 0,000000 0,000000
931 1733950200 0,400000 -1,000000 -101,000000 0,000000 0,000000
931 1733950201 0,400000 -1,000000 -101,000000 0,000000 0,000000
931 1733950202 1,000000 -1,000000 -101,000000 0,000000 0,000000
931 1733950203 1,000000 -1,000000 -101,000000 0,000000 0,000000
931 1733950204 1,000000 -1,000000 -101,000000 0,000000 0,000000
931 1733950205 1,000000 -1,000000 -101,000000 0,000000 0,000000
931 1733950206 1,000000 -1,000000 -101,000000 0,000000 0,000000
931 1733950207 1,000000 -1,000000 -101,000000 0,000000 0,000000
931 1733950208 1,000000 -1,000000 -101,000000 0,000000 0,000000
931 1733950209 1,000000 -1,000000 -101,000000 0,000000 0,000000
931 1733950210 1,000000 -1,000000 -101,000000 0,000000 0,000000
931 1733950211 1,000000 -1,000000 -101,000000 0,000000 0,000000
931 1733950212 1,800000 -1,000000 -101,000000 0,000000 0,000000
931 1733950213 1,800000 -1,000000 -101,000000 0,000000 0,000000
931 1733950214 1,800000 -1,000000 -101,000000 0,000000 0,000000
931 1733950215 1,800000 -1,000000 -101,000000 0,000000 0,000000
931 1733950216 1,800000 -1,000000 -101,000000 0,000000 0,000000
931 1733950217 1,600000 -1,000000 -101,000000 0,000000 0,000000
931 1733950218 1,600000 -1,000000 -101,000000 0,000000 0,000000
931 1733950219 1,600000 -1,000000 -101,000000 0,000000 0,000000
931 1733950220 1,600000 -1,000000 -101,000000 0,000000 0,000000
931 1733950221 1,600000 -1,000000 -101,000000 0,000000 0,000000
931 1733950222 1,000000 -1,000000 -101,000000 0,000000 0,000000
931 1733950223 1,000000 -1,000000 -101,000000 0,000000 0,000000
931 1733950224 1,000000 -1,000000 -101,000000 0,000000 0,000000
931 1733950225 1,000000 -1,000000 -101,000000 0,000000 0,000000
931 1733950226 1,000000 -1,000000 -101,000000 0,000000 0,000000
931 1733950227 1,400000 -1,000000 -101,000000 0,000000 0,000000
931 1733950228 1,400000 -1,000000 -101,000000 0,000000 0,000000
931 1733950229 1,400000 -1,000000 -101,000000 0,000000 0,000000
931 1733950230 1,400000 -1,000000 -101,000000 0,000000 0,000000
931 1733950231 1,400000 -1,000000 -101,000000 0,000000 0,000000
931 1733950232 0,600000 -1,000000 -101,000000 0,000000 0,000000
931 1733950233 0,600000 -1,000000 -101,000000 0,000000 0,000000
931 1733950234 0,600000 -1,000000 -101,000000 0,000000 0,000000
931 1733950235 0,600000 -1,000000 -101,000000 0,000000 0,000000
931 1733950236 0,600000 -1,000000 -101,000000 0,000000 0,000000
931 1733950237 1,200000 -1,000000 -101,000000 0,000000 0,000000
931 1733950238 1,200000 -1,000000 -101,000000 0,000000 0,000000
931 1733950239 1,200000 -1,000000 -101,000000 0,000000 0,000000
931 1733950240 1,200000 -1,000000 -101,000000 0,000000 0,000000
931 1733950241 1,200000 -1,000000 -101,000000 0,000000 0,000000
931 1733950242 0,600000 -1,000000 -101,000000 0,000000 0,000000
931 1733950243 0,600000 -1,000000 -101,000000 0,000000 0,000000
931 1733950244 0,600000 -1,000000 -101,000000 0,000000 0,000000
931 1733950245 0,600000 -1,000000 -101,000000 0,000000 0,000000
931 1733950246 0,600000 -1,000000 -101,000000 0,000000 0,000000
931 1733950247 1,000000 -1,000000 -101,000000 0,000000 0,000000
931 1733950248 1,000000 -1,000000 -101,000000 0,000000 0,000000
931 1733950249 1,000000 -1,000000 -101,000000 0,000000 0,000000
931 1733950250 1,000000 -1,000000 -101,000000 0,000000 0,000000
931 1733950251 1,000000 -1,000000 -101,000000 0,000000 0,000000
931 1733950252 0,400000 -1,000000 -101,000000 0,000000 0,000000
931 1733950253 0,400000 -1,000000 -101,000000 0,000000 0,000000
931 1733950254 0,400000 -1,000000 -101,000000 0,000000 0,000000
931 1733950255 0,400000 -1,000000 -101,000000 0,000000 0,000000
931 1733950256 0,400000 -1,000000 -101,000000 0,000000 0,000000
931 1733950257 0,600000 -1,000000 -101,000000 0,000000 0,000000
931 1733950258 0,600000 -1,000000 -101,000000 0,000000 0,000000
931 1733950259 0,600000 -1,000000 -101,000000 0,000000 0,000000
931 1733950260 0,600000 -1,000000 -101,000000 0,000000 0,000000
931 1733950261 0,600000 -1,000000 -101,000000 0,000000 0,000000
931 1733950262 1,000000 -1,000000 -101,000000 0,000000 0,000000
931 1733950263 1,000000 -1,000000 -101,000000 0,000000 0,000000
931 1733950264 1,000000 -1,000000 -101,000000 0,000000 0,000000
931 1733950265 1,000000 -1,000000 -101,000000 0,000000 0,000000
931 1733950266 1,000000 -1,000000 -101,000000 0,000000 0,000000
931 1733950267 1,600000 -1,000000 -101,000000 0,000000 0,000000
931 1733950268 1,600000 -1,000000 -101,000000 0,000000 0,000000
931 1733950269 1,600000 -1,000000 -101,000000 0,000000 0,000000
931 1733950270 1,600000 -1,000000 -101,000000 0,000000 0,000000
931 1733950271 1,600000 -1,000000 -101,000000 0,000000 0,000000
931 1733950272 2,600000 -1,000000 -101,000000 0,000000 0,000000
931 1733950273 2,600000 -1,000000 -101,000000 0,000000 0,000000
931 1733950274 2,600000 -1,000000 -101,000000 0,000000 0,000000
931 1733950275 2,600000 -1,000000 -101,000000 0,000000 0,000000
931 1733950276 2,600000 -1,000000 -101,000000 0,000000 0,000000
931 1733950277 1,400000 -1,000000 -101,000000 0,000000 0,000000
931 1733950278 1,400000 -1,000000 -101,000000 0,000000 0,000000
931 1733950279 1,400000 -1,000000 -101,000000 0,000000 0,000000
931 1733950280 1,400000 -1,000000 -101,000000 0,000000 0,000000
931 1733950281 1,400000 -1,000000 -101,000000 0,000000 0,000000
931 1733950282 0,200000 -1,000000 -101,000000 0,000000 0,000000
931 1733950283 0,200000 -1,000000 -101,000000 0,000000 0,000000
931 1733950284 0,200000 -1,000000 -101,000000 0,000000 0,000000
931 1733950285 0,200000 -1,000000 -101,000000 0,000000 0,000000
931 1733950286 0,200000 -1,000000 -101,000000 0,000000 0,000000
931 1733950287 0,600000 -1,000000 -101,000000 0,000000 0,000000
931 1733950288 0,600000 -1,000000 -101,000000 0,000000 0,000000
931 1733950289 0,600000 -1,000000 -101,000000 0,000000 0,000000
931 1733950290 0,600000 -1,000000 -101,000000 0,000000 0,000000
931 1733950291 0,600000 -1,000000 -101,000000 0,000000 0,000000
931 1733950292 0,800000 -1,000000 -101,000000 0,000000 0,000000
931 1733950293 0,800000 -1,000000 -101,000000 0,000000 0,000000
931 1733950294 0,800000 -1,000000 -101,000000 0,000000 0,000000
931 1733950295 0,800000 -1,000000 -101,000000 0,000000 0,000000
931 1733950296 0,800000 -1,000000 -101,000000 0,000000 0,000000
931 1733950297 2,200000 -1,000000 -101,000000 0,000000 0,000000
931 1733950298 2,200000 -1,000000 -101,000000 0,000000 0,000000
931 1733950299 2,200000 -1,000000 -101,000000 0,000000 0,000000
931 1733950300 2,200000 -1,000000 -101,000000 0,000000 0,000000
931 1733950301 2,200000 -1,000000 -101,000000 0,000000 0,000000
931 1733950302 1,600000 -1,000000 -101,000000 0,000000 0,000000
931 1733950303 1,600000 -1,000000 -101,000000 0,000000 0,000000
931 1733950304 1,600000 -1,000000 -101,000000 0,000000 0,000000
931 1733950305 1,600000 -1,000000 -101,000000 0,000000 0,000000
931 1733950306 1,600000 -1,000000 -101,000000 0,000000 0,000000
931 1733950307 1,800000 -1,000000 -101,000000 0,000000 0,000000
931 1733950308 1,800000 -1,000000 -101,000000 0,000000 0,000000
931 1733950309 1,800000 -1,000000 -101,000000 0,000000 0,000000
931 1733950310 1,800000 -1,000000 -101,000000 0,000000 0,000000
931 1733950311 1,800000 -1,000000 -101,000000 0,000000 0,000000
931 1733950312 0,600000 -1,000000 -101,000000 0,000000 0,000000
931 1733950313 0,600000 -1,000000 -101,000000 0,000000 0,000000
931 1733950314 0,600000 -1,000000 -101,000000 0,000000 0,000000
931 1733950315 0,600000 -1,000000 -101,000000 0,000000 0,000000
931 1733950316 0,600000 -1,000000 -101,000000 0,000000 0,000000
931 1733950317 0,200000 -1,000000 -101,000000 0,000000 0,000000
931 1733950318 0,200000 -1,000000 -101,000000 0,000000 0,000000
931 1733950319 0,200000 -1,000000 -101,000000 0,000000 0,000000
931 1733950320 0,200000 -1,000000 -101,000000 0,000000 0,000000
931 1733950321 0,200000 -1,000000 -101,000000 0,000000 0,000000
931 1733950327 2,000000 -1,000000 -101,000000 0,000000 0,000000
931 1733950328 2,000000 -1,000000 -101,000000 0,000000 0,000000
931 1733950329 2,000000 -1,000000 -101,000000 0,000000 0,000000
931 1733950330 2,000000 -1,000000 -101,000000 0,000000 0,000000
931 1733950331 2,000000 -1,000000 -101,000000 0,000000 0,000000
931 1733950332 1,000000 -1,000000 -101,000000 0,000000 0,000000
931 1733950333 1,000000 -1,000000 -101,000000 0,000000 0,000000
931 1733950334 1,000000 -1,000000 -101,000000 0,000000 0,000000
931 1733950335 1,000000 -1,000000 -101,000000 0,000000 0,000000
931 1733950336 1,000000 -1,000000 -101,000000 0,000000 0,000000
931 1733950337 0,600000 -1,000000 -101,000000 0,000000 0,000000
931 1733950338 0,600000 -1,000000 -101,000000 0,000000 0,000000
931 1733950339 0,600000 -1,000000 -101,000000 0,000000 0,000000
931 1733950340 0,600000 -1,000000 -101,000000 0,000000 0,000000
931 1733950341 0,600000 -1,000000 -101,000000 0,000000 0,000000
931 1733950342 1,000000 -1,000000 -101,000000 0,000000 0,000000
931 1733950343 1,000000 -1,000000 -101,000000 0,000000 0,000000
931 1733950344 1,000000 -1,000000 -101,000000 0,000000 0,000000
931 1733950345 1,000000 -1,000000 -101,000000 0,000000 0,000000
931 1733950346 1,000000 -1,000000 -101,000000 0,000000 0,000000
931 1733950347 0,400000 -1,000000 -101,000000 0,000000 0,000000
931 1733950348 0,400000 -1,000000 -101,000000 0,000000 0,000000
931 1733950349 0,400000 -1,000000 -101,000000 0,000000 0,000000
931 1733950350 0,400000 -1,000000 -101,000000 0,000000 0,000000
931 1733950351 0,400000 -1,000000 -101,000000 0,000000 0,000000
931 1733950352 0,800000 -1,000000 -101,000000 0,000000 0,000000
931 1733950353 0,800000 -1,000000 -101,000000 0,000000 0,000000
931 1733950354 0,800000 -1,000000 -101,000000 0,000000 0,000000
931 1733950355 0,800000 -1,000000 -101,000000 0,000000 0,000000
931 1733950356 0,800000 -1,000000 -101,000000 0,000000 0,000000
931 1733950357 1,000000 -1,000000 -101,000000 0,000000 0,000000
931 1733950358 1,000000 -1,000000 -101,000000 0,000000 0,000000
931 1733950359 1,000000 -1,000000 -101,000000 0,000000 0,000000
931 1733950360 1,000000 -1,000000 -101,000000 0,000000 0,000000
931 1733950361 1,000000 -1,000000 -101,000000 0,000000 0,000000
931 1733950362 1,400000 -1,000000 -101,000000 0,000000 0,000000
931 1733950363 1,400000 -1,000000 -101,000000 0,000000 0,000000
931 1733950364 1,400000 -1,000000 -101,000000 0,000000 0,000000
931 1733950365 1,400000 -1,000000 -101,000000 0,000000 0,000000
931 1733950366 1,400000 -1,000000 -101,000000 0,000000 0,000000
931 1733950367 2,000000 -1,000000 -101,000000 0,000000 0,000000
931 1733950368 2,000000 -1,000000 -101,000000 0,000000 0,000000
931 1733950369 2,000000 -1,000000 -101,000000 0,000000 0,000000
931 1733950370 2,000000 -1,000000 -101,000000 0,000000 0,000000
931 1733950371 2,000000 -1,000000 -101,000000 0,000000 0,000000
931 1733950372 3,000000 -1,000000 -101,000000 0,000000 0,000000
931 1733950373 3,000000 -1,000000 -101,000000 0,000000 0,000000
931 1733950374 3,000000 -1,000000 -101,000000 0,000000 0,000000
931 1733950375 3,000000 -1,000000 -101,000000 0,000000 0,000000
931 1733950376 3,000000 -1,000000 -101,000000 0,000000 0,000000
931 1733950382 0,600000 -1,000000 -101,000000 0,000000 0,000000
931 1733950383 0,600000 -1,000000 -101,000000 0,000000 0,000000
931 1733950384 0,600000 -1,000000 -101,000000 0,000000 0,000000
931 1733950385 0,600000 -1,000000 -101,000000 0,000000 0,000000
931 1733950386 0,600000 -1,000000 -101,000000 0,000000 0,000000
931 1733950387 0,600000 -1,000000 -101,000000 0,000000 0,000000
931 1733950388 0,600000 -1,000000 -101,000000 0,000000 0,000000
931 1733950389 0,600000 -1,000000 -101,000000 0,000000 0,000000
931 1733950390 0,600000 -1,000000 -101,000000 0,000000 0,000000
931 1733950391 0,600000 -1,000000 -101,000000 0,000000 0,000000
931 1733950392 1,200000 -1,000000 -101,000000 0,000000 0,000000
931 1733950393 1,200000 -1,000000 -101,000000 0,000000 0,000000
931 1733950394 1,200000 -1,000000 -101,000000 0,000000 0,000000
931 1733950395 1,200000 -1,000000 -101,000000 0,000000 0,000000
931 1733950396 1,200000 -1,000000 -101,000000 0,000000 0,000000
931 1733950397 0,400000 -1,000000 -101,000000 0,000000 0,000000
931 1733950398 0,400000 -1,000000 -101,000000 0,000000 0,000000
931 1733950399 0,400000 -1,000000 -101,000000 0,000000 0,000000
931 1733950400 0,400000 -1,000000 -101,000000 0,000000 0,000000
931 1733950401 0,400000 -1,000000 -101,000000 0,000000 0,000000
931 1733950402 0,200000 -1,000000 -101,000000 0,000000 0,000000
931 1733950403 0,200000 -1,000000 -101,000000 0,000000 0,000000
931 1733950404 0,200000 -1,000000 -101,000000 0,000000 0,000000
931 1733950405 0,200000 -1,000000 -101,000000 0,000000 0,000000
931 1733950406 0,200000 -1,000000 -101,000000 0,000000 0,000000
931 1733950407 0,600000 -1,000000 -101,000000 0,000000 0,000000
931 1733950408 0,600000 -1,000000 -101,000000 0,000000 0,000000
931 1733950409 0,600000 -1,000000 -101,000000 0,000000 0,000000
931 1733950410 0,600000 -1,000000 -101,000000 0,000000 0,000000
931 1733950411 0,600000 -1,000000 -101,000000 0,000000 0,000000
931 1733950412 1,000000 -1,000000 -101,000000 0,000000 0,000000
931 1733950413 1,000000 -1,000000 -101,000000 0,000000 0,000000
931 1733950414 1,000000 -1,000000 -101,000000 0,000000 0,000000
931 1733950415 1,000000 -1,000000 -101,000000 0,000000 0,000000
931 1733950416 1,000000 -1,000000 -101,000000 0,000000 0,000000
931 1733950417 2,400000 -1,000000 -101,000000 0,000000 0,000000
931 1733950418 2,400000 -1,000000 -101,000000 0,000000 0,000000
931 1733950419 2,400000 -1,000000 -101,000000 0,000000 0,000000
931 1733950420 2,400000 -1,000000 -101,000000 0,000000 0,000000
931 1733950421 2,400000 -1,000000 -101,000000 0,000000 0,000000
931 1733950422 1,400000 -1,000000 -101,000000 0,000000 0,000000
931 1733950423 1,400000 -1,000000 -101,000000 0,000000 0,000000
931 1733950424 1,400000 -1,000000 -101,000000 0,000000 0,000000
931 1733950425 1,400000 -1,000000 -101,000000 0,000000 0,000000
931 1733950426 1,400000 -1,000000 -101,000000 0,000000 0,000000
931 1733950427 1,400000 -1,000000 -101,000000 0,000000 0,000000
931 1733950428 1,400000 -1,000000 -101,000000 0,000000 0,000000
931 1733950429 1,400000 -1,000000 -101,000000 0,000000 0,000000
931 1733950430 1,400000 -1,000000 -101,000000 0,000000 0,000000
931 1733950431 1,400000 -1,000000 -101,000000 0,000000 0,000000
931 1733950432 1,200000 -1,000000 -101,000000 0,000000 0,000000
931 1733950433 1,200000 -1,000000 -101,000000 0,000000 0,000000
931 1733950434 1,200000 -1,000000 -101,000000 0,000000 0,000000
931 1733950435 1,200000 -1,000000 -101,000000 0,000000 0,000000
931 1733950436 1,200000 -1,000000 -101,000000 0,000000 0,000000
931 1733950437 0,600000 -1,000000 -101,000000 0,000000 0,000000
931 1733950438 0,600000 -1,000000 -101,000000 0,000000 0,000000
931 1733950439 0,600000 -1,000000 -101,000000 0,000000 0,000000
931 1733950440 0,600000 -1,000000 -101,000000 0,000000 0,000000
931 1733950441 0,600000 -1,000000 -101,000000 0,000000 0,000000
931 1733950442 0,800000 -1,000000 -101,000000 0,000000 0,000000
931 1733950443 0,800000 -1,000000 -101,000000 0,000000 0,000000
931 1733950444 0,800000 -1,000000 -101,000000 0,000000 0,000000
931 1733950445 0,800000 -1,000000 -101,000000 0,000000 0,000000
931 1733950446 0,800000 -1,000000 -101,000000 0,000000 0,000000
931 1733950447 3,400000 -1,000000 -101,000000 0,000000 0,000000
931 1733950448 3,400000 -1,000000 -101,000000 0,000000 0,000000
931 1733950449 3,400000 -1,000000 -101,000000 0,000000 0,000000
931 1733950450 3,400000 -1,000000 -101,000000 0,000000 0,000000
931 1733950451 3,400000 -1,000000 -101,000000 0,000000 0,000000
931 1733950452 1,400000 -1,000000 -101,000000 0,000000 0,000000
931 1733950453 1,400000 -1,000000 -101,000000 0,000000 0,000000
931 1733950454 1,400000 -1,000000 -101,000000 0,000000 0,000000
931 1733950455 1,400000 -1,000000 -101,000000 0,000000 0,000000
931 1733950456 1,400000 -1,000000 -101,000000 0,000000 0,000000
931 1733950457 0,200000 -1,000000 -101,000000 0,000000 0,000000
931 1733950458 0,200000 -1,000000 -101,000000 0,000000 0,000000
931 1733950459 0,200000 -1,000000 -101,000000 0,000000 0,000000
931 1733950460 0,200000 -1,000000 -101,000000 0,000000 0,000000
931 1733950461 0,200000 -1,000000 -101,000000 0,000000 0,000000
931 1733950462 0,200000 -1,000000 -101,000000 0,000000 0,000000
931 1733950463 0,200000 -1,000000 -101,000000 0,000000 0,000000
931 1733950464 0,200000 -1,000000 -101,000000 0,000000 0,000000
931 1733950465 0,200000 -1,000000 -101,000000 0,000000 0,000000
931 1733950466 0,200000 -1,000000 -101,000000 0,000000 0,000000
931 1733950467 0,600000 -1,000000 -101,000000 0,000000 0,000000
931 1733950468 0,600000 -1,000000 -101,000000 0,000000 0,000000
931 1733950469 0,600000 -1,000000 -101,000000 0,000000 0,000000
931 1733950470 0,600000 -1,000000 -101,000000 0,000000 0,000000
931 1733950471 0,600000 -1,000000 -101,000000 0,000000 0,000000
931 1733950472 0,600000 -1,000000 -101,000000 0,000000 0,000000
931 1733950473 0,600000 -1,000000 -101,000000 0,000000 0,000000
931 1733950474 0,600000 -1,000000 -101,000000 0,000000 0,000000
931 1733950475 0,600000 -1,000000 -101,000000 0,000000 0,000000
931 1733950476 0,600000 -1,000000 -101,000000 0,000000 0,000000
931 1733950477 1,000000 -1,000000 -101,000000 0,000000 0,000000
931 1733950478 1,000000 -1,000000 -101,000000 0,000000 0,000000
931 1733950479 1,000000 -1,000000 -101,000000 0,000000 0,000000
931 1733950480 1,000000 -1,000000 -101,000000 0,000000 0,000000
931 1733950481 1,000000 -1,000000 -101,000000 0,000000 0,000000
931 1733950482 1,000000 -1,000000 -101,000000 0,000000 0,000000
931 1733950483 1,000000 -1,000000 -101,000000 0,000000 0,000000
931 1733950484 1,000000 -1,000000 -101,000000 0,000000 0,000000
931 1733950485 1,000000 -1,000000 -101,000000 0,000000 0,000000
931 1733950486 1,000000 -1,000000 -101,000000 0,000000 0,000000
931 1733950487 1,800000 -1,000000 -101,000000 0,000000 0,000000
931 1733950488 1,800000 -1,000000 -101,000000 0,000000 0,000000
931 1733950489 1,800000 -1,000000 -101,000000 0,000000 0,000000
931 1733950490 1,800000 -1,000000 -101,000000 0,000000 0,000000
931 1733950491 1,800000 -1,000000 -101,000000 0,000000 0,000000
931 1733950492 1,200000 -1,000000 -101,000000 0,000000 0,000000
931 1733950493 1,200000 -1,000000 -101,000000 0,000000 0,000000
931 1733950494 1,200000 -1,000000 -101,000000 0,000000 0,000000
931 1733950495 1,200000 -1,000000 -101,000000 0,000000 0,000000
931 1733950496 1,200000 -1,000000 -101,000000 0,000000 0,000000
931 1733950497 0,400000 -1,000000 -101,000000 0,000000 0,000000
931 1733950498 0,400000 -1,000000 -101,000000 0,000000 0,000000
931 1733950499 0,400000 -1,000000 -101,000000 0,000000 0,000000
931 1733950500 0,400000 -1,000000 -101,000000 0,000000 0,000000
931 1733950501 0,400000 -1,000000 -101,000000 0,000000 0,000000
931 1733950502 0,400000 -1,000000 -101,000000 0,000000 0,000000
931 1733950503 0,400000 -1,000000 -101,000000 0,000000 0,000000
931 1733950504 0,400000 -1,000000 -101,000000 0,000000 0,000000
931 1733950505 0,400000 -1,000000 -101,000000 0,000000 0,000000
931 1733950506 0,400000 -1,000000 -101,000000 0,000000 0,000000
931 1733950507 2,000000 -1,000000 -101,000000 0,000000 0,000000
931 1733950508 2,000000 -1,000000 -101,000000 0,000000 0,000000
931 1733950509 2,000000 -1,000000 -101,000000 0,000000 0,000000
931 1733950510 2,000000 -1,000000 -101,000000 0,000000 0,000000
931 1733950511 2,000000 -1,000000 -101,000000 0,000000 0,000000
931 1733950512 1,000000 -1,000000 -101,000000 0,000000 0,000000
931 1733950513 1,000000 -1,000000 -101,000000 0,000000 0,000000
931 1733950514 1,000000 -1,000000 -101,000000 0,000000 0,000000
931 1733950515 1,000000 -1,000000 -101,000000 0,000000 0,000000
931 1733950516 1,000000 -1,000000 -101,000000 0,000000 0,000000
931 1733950517 1,400000 -1,000000 -101,000000 0,000000 0,000000
931 1733950518 1,400000 -1,000000 -101,000000 0,000000 0,000000
931 1733950519 1,400000 -1,000000 -101,000000 0,000000 0,000000
931 1733950520 1,400000 -1,000000 -101,000000 0,000000 0,000000
931 1733950521 1,400000 -1,000000 -101,000000 0,000000 0,000000
931 1733950522 2,400000 -1,000000 -101,000000 0,000000 0,000000
931 1733950523 2,400000 -1,000000 -101,000000 0,000000 0,000000
931 1733950524 2,400000 -1,000000 -101,000000 0,000000 0,000000
931 1733950525 2,400000 -1,000000 -101,000000 0,000000 0,000000
931 1733950526 2,400000 -1,000000 -101,000000 0,000000 0,000000
931 1733950532 0,400000 -1,000000 -101,000000 0,000000 0,000000
931 1733950533 0,400000 -1,000000 -101,000000 0,000000 0,000000
931 1733950534 0,400000 -1,000000 -101,000000 0,000000 0,000000
931 1733950535 0,400000 -1,000000 -101,000000 0,000000 0,000000
931 1733950536 0,400000 -1,000000 -101,000000 0,000000 0,000000
931 1733950537 0,600000 -1,000000 -101,000000 0,000000 0,000000
931 1733950538 0,600000 -1,000000 -101,000000 0,000000 0,000000
931 1733950539 0,600000 -1,000000 -101,000000 0,000000 0,000000
931 1733950540 0,600000 -1,000000 -101,000000 0,000000 0,000000
931 1733950541 0,600000 -1,000000 -101,000000 0,000000 0,000000
931 1733950542 1,000000 -1,000000 -101,000000 0,000000 0,000000
931 1733950543 1,000000 -1,000000 -101,000000 0,000000 0,000000
931 1733950544 1,000000 -1,000000 -101,000000 0,000000 0,000000
931 1733950545 1,000000 -1,000000 -101,000000 0,000000 0,000000
931 1733950546 1,000000 -1,000000 -101,000000 0,000000 0,000000
931 1733950547 1,600000 -1,000000 -101,000000 0,000000 0,000000
931 1733950548 1,600000 -1,000000 -101,000000 0,000000 0,000000
931 1733950549 1,600000 -1,000000 -101,000000 0,000000 0,000000
931 1733950550 1,600000 -1,000000 -101,000000 0,000000 0,000000
931 1733950551 1,600000 -1,000000 -101,000000 0,000000 0,000000
931 1733950552 0,600000 -1,000000 -101,000000 0,000000 0,000000
931 1733950553 0,600000 -1,000000 -101,000000 0,000000 0,000000
931 1733950554 0,600000 -1,000000 -101,000000 0,000000 0,000000
931 1733950555 0,600000 -1,000000 -101,000000 0,000000 0,000000
931 1733950556 0,600000 -1,000000 -101,000000 0,000000 0,000000
931 1733950557 0,400000 -1,000000 -101,000000 0,000000 0,000000
931 1733950558 0,400000 -1,000000 -101,000000 0,000000 0,000000
931 1733950559 0,400000 -1,000000 -101,000000 0,000000 0,000000
931 1733950560 0,400000 -1,000000 -101,000000 0,000000 0,000000
931 1733950561 0,400000 -1,000000 -101,000000 0,000000 0,000000
931 1733950562 1,000000 -1,000000 -101,000000 0,000000 0,000000
931 1733950563 1,000000 -1,000000 -101,000000 0,000000 0,000000
931 1733950564 1,000000 -1,000000 -101,000000 0,000000 0,000000
931 1733950565 1,000000 -1,000000 -101,000000 0,000000 0,000000
931 1733950566 1,000000 -1,000000 -101,000000 0,000000 0,000000
931 1733950567 2,800000 -1,000000 -101,000000 0,000000 0,000000
931 1733950568 2,800000 -1,000000 -101,000000 0,000000 0,000000
931 1733950569 2,800000 -1,000000 -101,000000 0,000000 0,000000
931 1733950570 2,800000 -1,000000 -101,000000 0,000000 0,000000
931 1733950571 2,800000 -1,000000 -101,000000 0,000000 0,000000
931 1733950572 1,000000 -1,000000 -101,000000 0,000000 0,000000
931 1733950573 1,000000 -1,000000 -101,000000 0,000000 0,000000
931 1733950574 1,000000 -1,000000 -101,000000 0,000000 0,000000
931 1733950575 1,000000 -1,000000 -101,000000 0,000000 0,000000
931 1733950576 1,000000 -1,000000 -101,000000 0,000000 0,000000
931 1733950577 0,600000 -1,000000 -101,000000 0,000000 0,000000
931 1733950578 0,600000 -1,000000 -101,000000 0,000000 0,000000
931 1733950579 0,600000 -1,000000 -101,000000 0,000000 0,000000
931 1733950580 0,600000 -1,000000 -101,000000 0,000000 0,000000
931 1733950581 0,600000 -1,000000 -101,000000 0,000000 0,000000
931 1733950582 1,000000 -1,000000 -101,000000 0,000000 0,000000
931 1733950583 1,000000 -1,000000 -101,000000 0,000000 0,000000
931 1733950584 1,000000 -1,000000 -101,000000 0,000000 0,000000
931 1733950585 1,000000 -1,000000 -101,000000 0,000000 0,000000
931 1733950586 1,000000 -1,000000 -101,000000 0,000000 0,000000
931 1733950587 0,400000 -1,000000 -101,000000 0,000000 0,000000
931 1733950588 0,400000 -1,000000 -101,000000 0,000000 0,000000
931 1733950589 0,400000 -1,000000 -101,000000 0,000000 0,000000
931 1733950590 0,400000 -1,000000 -101,000000 0,000000 0,000000
931 1733950591 0,400000 -1,000000 -101,000000 0,000000 0,000000
931 1733950592 1,600000 -1,000000 -101,000000 0,000000 0,000000
931 1733950593 1,600000 -1,000000 -101,000000 0,000000 0,000000
931 1733950594 1,600000 -1,000000 -101,000000 0,000000 0,000000
931 1733950595 1,600000 -1,000000 -101,000000 0,000000 0,000000
931 1733950596 1,600000 -1,000000 -101,000000 0,000000 0,000000
931 1733950597 2,200000 -1,000000 -101,000000 0,000000 0,000000
931 1733950598 2,200000 -1,000000 -101,000000 0,000000 0,000000
931 1733950599 2,200000 -1,000000 -101,000000 0,000000 0,000000
931 1733950600 2,200000 -1,000000 -101,000000 0,000000 0,000000
931 1733950601 2,200000 -1,000000 -101,000000 0,000000 0,000000
931 1733950602 1,400000 -1,000000 -101,000000 0,000000 0,000000
931 1733950603 1,400000 -1,000000 -101,000000 0,000000 0,000000
931 1733950604 1,400000 -1,000000 -101,000000 0,000000 0,000000
931 1733950605 1,400000 -1,000000 -101,000000 0,000000 0,000000
931 1733950606 1,400000 -1,000000 -101,000000 0,000000 0,000000
931 1733950607 1,200000 -1,000000 -101,000000 0,000000 0,000000
931 1733950608 1,200000 -1,000000 -101,000000 0,000000 0,000000
931 1733950609 1,200000 -1,000000 -101,000000 0,000000 0,000000
931 1733950610 1,200000 -1,000000 -101,000000 0,000000 0,000000
931 1733950611 1,200000 -1,000000 -101,000000 0,000000 0,000000
931 1733950612 1,000000 -1,000000 -101,000000 0,000000 0,000000
931 1733950613 1,000000 -1,000000 -101,000000 0,000000 0,000000
931 1733950614 1,000000 -1,000000 -101,000000 0,000000 0,000000
931 1733950615 1,000000 -1,000000 -101,000000 0,000000 0,000000
931 1733950616 1,000000 -1,000000 -101,000000 0,000000 0,000000
931 1733950617 0,200000 -1,000000 -101,000000 0,000000 0,000000
931 1733950618 0,200000 -1,000000 -101,000000 0,000000 0,000000
931 1733950619 0,200000 -1,000000 -101,000000 0,000000 0,000000
931 1733950620 0,200000 -1,000000 -101,000000 0,000000 0,000000
931 1733950621 0,200000 -1,000000 -101,000000 0,000000 0,000000
931 1733950622 0,400000 -1,000000 -101,000000 0,000000 0,000000
931 1733950623 0,400000 -1,000000 -101,000000 0,000000 0,000000
931 1733950624 0,400000 -1,000000 -101,000000 0,000000 0,000000
931 1733950625 0,400000 -1,000000 -101,000000 0,000000 0,000000
931 1733950626 0,400000 -1,000000 -101,000000 0,000000 0,000000
931 1733950627 1,000000 -1,000000 -101,000000 0,000000 0,000000
931 1733950628 1,000000 -1,000000 -101,000000 0,000000 0,000000
931 1733950629 1,000000 -1,000000 -101,000000 0,000000 0,000000
931 1733950630 1,000000 -1,000000 -101,000000 0,000000 0,000000
931 1733950631 1,000000 -1,000000 -101,000000 0,000000 0,000000
931 1733950632 2,000000 -1,000000 -101,000000 0,000000 0,000000
931 1733950633 2,000000 -1,000000 -101,000000 0,000000 0,000000
931 1733950634 2,000000 -1,000000 -101,000000 0,000000 0,000000
931 1733950635 2,000000 -1,000000 -101,000000 0,000000 0,000000
931 1733950636 2,000000 -1,000000 -101,000000 0,000000 0,000000
931 1733950637 0,600000 -1,000000 -101,000000 0,000000 0,000000
931 1733950638 0,600000 -1,000000 -101,000000 0,000000 0,000000
931 1733950639 0,600000 -1,000000 -101,000000 0,000000 0,000000
931 1733950640 0,600000 -1,000000 -101,000000 0,000000 0,000000
931 1733950641 0,600000 -1,000000 -101,000000 0,000000 0,000000
931 1733950642 0,400000 -1,000000 -101,000000 0,000000 0,000000
931 1733950643 0,400000 -1,000000 -101,000000 0,000000 0,000000
931 1733950644 0,400000 -1,000000 -101,000000 0,000000 0,000000
931 1733950706 1,000000 -1,000000 1,000000 1,000000 0,000000
931 1733950705 1,000000 -1,000000 1,000000 1,000000 0,000000
931 1733950704 1,000000 -1,000000 1,000000 1,000000 0,000000
931 1733950703 1,000000 -1,000000 1,000000 1,000000 0,000000
931 1733950702 1,000000 -1,000000 1,000000 1,000000 0,000000
931 1733950701 0,600000 -1,000000 0,600000 0,600000 0,000000
931 1733950700 0,600000 -1,000000 0,600000 0,600000 0,000000
931 1733950699 0,600000 -1,000000 0,600000 0,600000 0,000000
931 1733950698 0,600000 -1,000000 0,600000 0,600000 0,000000
931 1733950697 0,600000 -1,000000 0,600000 0,600000 0,000000
931 1733950696 1,600000 -1,000000 1,600000 1,600000 0,000000
931 1733950695 1,600000 -1,000000 1,600000 1,600000 0,000000
931 1733950694 1,600000 -1,000000 1,600000 1,600000 0,000000
931 1733950693 1,600000 -1,000000 1,600000 1,600000 0,000000
931 1733950692 1,600000 -1,000000 1,600000 1,600000 0,000000
931 1733950691 1,000000 -1,000000 1,000000 1,000000 0,000000
931 1733950690 1,000000 -1,000000 1,000000 1,000000 0,000000
931 1733950689 1,000000 -1,000000 1,000000 1,000000 0,000000
931 1733950688 1,000000 -1,000000 1,000000 1,000000 0,000000
931 1733950687 1,000000 -1,000000 1,000000 1,000000 0,000000
931 1733950681 1,200000 -1,000000 1,200000 1,200000 0,000000
931 1733950680 1,200000 -1,000000 1,200000 1,200000 0,000000
931 1733950679 1,200000 -1,000000 1,200000 1,200000 0,000000
931 1733950678 1,200000 -1,000000 1,200000 1,200000 0,000000
931 1733950677 1,200000 -1,000000 1,200000 1,200000 0,000000
931 1733950676 0,600000 -1,000000 0,600000 0,600000 0,000000
931 1733950675 0,600000 -1,000000 0,600000 0,600000 0,000000
931 1733950674 0,600000 -1,000000 0,600000 0,600000 0,000000
931 1733950673 0,600000 -1,000000 0,600000 0,600000 0,000000
931 1733950672 0,600000 -1,000000 0,600000 0,600000 0,000000
931 1733950671 2,400000 -1,000000 2,400000 2,400000 0,000000
931 1733950670 2,400000 -1,000000 2,400000 2,400000 0,000000
931 1733950669 2,400000 -1,000000 2,400000 2,400000 0,000000
931 1733950668 2,400000 -1,000000 2,400000 2,400000 0,000000
931 1733950667 2,400000 -1,000000 2,400000 2,400000 0,000000
931 1733950666 1,600000 -1,000000 1,600000 1,600000 0,000000
931 1733950665 1,600000 -1,000000 1,600000 1,600000 0,000000
931 1733950664 1,600000 -1,000000 1,600000 1,600000 0,000000
931 1733950663 1,600000 -1,000000 1,600000 1,600000 0,000000
931 1733950662 1,600000 -1,000000 1,600000 1,600000 0,000000
931 1733950661 1,400000 -1,000000 1,400000 1,400000 0,000000
931 1733950660 1,400000 -1,000000 1,400000 1,400000 0,000000
931 1733950659 1,400000 -1,000000 1,400000 1,400000 0,000000
931 1733950658 1,400000 -1,000000 1,400000 1,400000 0,000000
931 1733950657 1,400000 -1,000000 1,400000 1,400000 0,000000
931 1733950656 1,000000 -1,000000 1,000000 1,000000 0,000000
931 1733950655 1,000000 -1,000000 1,000000 1,000000 0,000000
931 1733950654 1,000000 -1,000000 1,000000 1,000000 0,000000
931 1733950653 1,000000 -1,000000 1,000000 1,000000 0,000000
931 1733950652 1,000000 -1,000000 1,000000 1,000000 0,000000
931 1733950651 0,400000 -1,000000 0,400000 0,400000 0,000000
931 1733950650 0,400000 -1,000000 0,400000 0,400000 0,000000
931 1733950649 0,400000 -1,000000 0,400000 0,400000 0,000000
931 1733950648 0,400000 -1,000000 0,400000 0,400000 0,000000
931 1733950647 0,400000 -1,000000 0,400000 0,400000 0,000000
931 1733950646 0,400000 -1,000000 0,400000 0,400000 0,000000
931 1733950645 0,400000 -1,000000 0,400000 0,400000 0,000000
931 1733950645 0,400000 -1,000000 -101,000000 0,000000 0,000000
931 1733950646 0,400000 -1,000000 -101,000000 0,000000 0,000000
931 1733950647 0,400000 -1,000000 -101,000000 0,000000 0,000000
931 1733950648 0,400000 -1,000000 -101,000000 0,000000 0,000000
931 1733950649 0,400000 -1,000000 -101,000000 0,000000 0,000000
931 1733950650 0,400000 -1,000000 -101,000000 0,000000 0,000000
931 1733950651 0,400000 -1,000000 -101,000000 0,000000 0,000000
931 1733950652 1,000000 -1,000000 -101,000000 0,000000 0,000000
931 1733950653 1,000000 -1,000000 -101,000000 0,000000 0,000000
931 1733950654 1,000000 -1,000000 -101,000000 0,000000 0,000000
931 1733950655 1,000000 -1,000000 -101,000000 0,000000 0,000000
931 1733950656 1,000000 -1,000000 -101,000000 0,000000 0,000000
931 1733950657 1,400000 -1,000000 -101,000000 0,000000 0,000000
931 1733950658 1,400000 -1,000000 -101,000000 0,000000 0,000000
931 1733950659 1,400000 -1,000000 -101,000000 0,000000 0,000000
931 1733950660 1,400000 -1,000000 -101,000000 0,000000 0,000000
931 1733950661 1,400000 -1,000000 -101,000000 0,000000 0,000000
931 1733950662 1,600000 -1,000000 -101,000000 0,000000 0,000000
931 1733950663 1,600000 -1,000000 -101,000000 0,000000 0,000000
931 1733950664 1,600000 -1,000000 -101,000000 0,000000 0,000000
931 1733950665 1,600000 -1,000000 -101,000000 0,000000 0,000000
931 1733950666 1,600000 -1,000000 -101,000000 0,000000 0,000000
931 1733950667 2,400000 -1,000000 -101,000000 0,000000 0,000000
931 1733950668 2,400000 -1,000000 -101,000000 0,000000 0,000000
931 1733950669 2,400000 -1,000000 -101,000000 0,000000 0,000000
931 1733950670 2,400000 -1,000000 -101,000000 0,000000 0,000000
931 1733950671 2,400000 -1,000000 -101,000000 0,000000 0,000000
931 1733950672 0,600000 -1,000000 -101,000000 0,000000 0,000000
931 1733950673 0,600000 -1,000000 -101,000000 0,000000 0,000000
931 1733950674 0,600000 -1,000000 -101,000000 0,000000 0,000000
931 1733950675 0,600000 -1,000000 -101,000000 0,000000 0,000000
931 1733950676 0,600000 -1,000000 -101,000000 0,000000 0,000000
931 1733950677 1,200000 -1,000000 -101,000000 0,000000 0,000000
931 1733950678 1,200000 -1,000000 -101,000000 0,000000 0,000000
931 1733950679 1,200000 -1,000000 -101,000000 0,000000 0,000000
931 1733950680 1,200000 -1,000000 -101,000000 0,000000 0,000000
931 1733950681 1,200000 -1,000000 -101,000000 0,000000 0,000000
931 1733950687 1,000000 -1,000000 -101,000000 0,000000 0,000000
931 1733950688 1,000000 -1,000000 -101,000000 0,000000 0,000000
931 1733950689 1,000000 -1,000000 -101,000000 0,000000 0,000000
931 1733950690 1,000000 -1,000000 -101,000000 0,000000 0,000000
931 1733950691 1,000000 -1,000000 -101,000000 0,000000 0,000000
931 1733950692 1,600000 -1,000000 -101,000000 0,000000 0,000000
931 1733950693 1,600000 -1,000000 -101,000000 0,000000 0,000000
931 1733950694 1,600000 -1,000000 -101,000000 0,000000 0,000000
931 1733950695 1,600000 -1,000000 -101,000000 0,000000 0,000000
931 1733950696 1,600000 -1,000000 -101,000000 0,000000 0,000000
931 1733950697 0,600000 -1,000000 -101,000000 0,000000 0,000000
931 1733950698 0,600000 -1,000000 -101,000000 0,000000 0,000000
931 1733950699 0,600000 -1,000000 -101,000000 0,000000 0,000000
931 1733950700 0,600000 -1,000000 -101,000000 0,000000 0,000000
931 1733950701 0,600000 -1,000000 -101,000000 0,000000 0,000000
931 1733950702 1,000000 -1,000000 -101,000000 0,000000 0,000000
931 1733950703 1,000000 -1,000000 -101,000000 0,000000 0,000000
931 1733950704 1,000000 -1,000000 -101,000000 0,000000 0,000000
931 1733950705 1,000000 -1,000000 -101,000000 0,000000 0,000000
931 1733950706 1,000000 -1,000000 -101,000000 0,000000 0,000000
931 1733950707 0,800000 -1,000000 -101,000000 0,000000 0,000000
931 1733950708 0,800000 -1,000000 -101,000000 0,000000 0,000000
931 1733950709 0,800000 -1,000000 -101,000000 0,000000 0,000000
931 1733950710 0,800000 -1,000000 -101,000000 0,000000 0,000000
931 1733950711 0,800000 -1,000000 -101,000000 0,000000 0,000000
931 1733950712 0,800000 -1,000000 -101,000000 0,000000 0,000000
931 1733950713 0,800000 -1,000000 -101,000000 0,000000 0,000000
931 1733950714 0,800000 -1,000000 -101,000000 0,000000 0,000000
931 1733950715 0,800000 -1,000000 -101,000000 0,000000 0,000000
931 1733950716 0,800000 -1,000000 -101,000000 0,000000 0,000000
931 1733950717 1,200000 -1,000000 -101,000000 0,000000 0,000000
931 1733950718 1,200000 -1,000000 -101,000000 0,000000 0,000000
931 1733950719 1,200000 -1,000000 -101,000000 0,000000 0,000000
931 1733950720 1,200000 -1,000000 -101,000000 0,000000 0,000000
931 1733950721 1,200000 -1,000000 -101,000000 0,000000 0,000000
931 1733950722 1,200000 -1,000000 -101,000000 0,000000 0,000000
931 1733950723 1,200000 -1,000000 -101,000000 0,000000 0,000000
931 1733950724 1,200000 -1,000000 -101,000000 0,000000 0,000000
931 1733950725 1,200000 -1,000000 -101,000000 0,000000 0,000000
931 1733950726 1,200000 -1,000000 -101,000000 0,000000 0,000000
931 1733950727 1,800000 -1,000000 -101,000000 0,000000 0,000000
931 1733950728 1,800000 -1,000000 -101,000000 0,000000 0,000000
931 1733950729 1,800000 -1,000000 -101,000000 0,000000 0,000000
931 1733950730 1,800000 -1,000000 -101,000000 0,000000 0,000000
931 1733950731 1,800000 -1,000000 -101,000000 0,000000 0,000000
931 1733950732 1,000000 -1,000000 -101,000000 0,000000 0,000000
931 1733950733 1,000000 -1,000000 -101,000000 0,000000 0,000000
931 1733950734 1,000000 -1,000000 -101,000000 0,000000 0,000000
931 1733950735 1,000000 -1,000000 -101,000000 0,000000 0,000000
931 1733950736 1,000000 -1,000000 -101,000000 0,000000 0,000000
931 1733950737 1,400000 -1,000000 -101,000000 0,000000 0,000000
931 1733950738 1,400000 -1,000000 -101,000000 0,000000 0,000000
931 1733950739 1,400000 -1,000000 -101,000000 0,000000 0,000000
931 1733950740 1,400000 -1,000000 -101,000000 0,000000 0,000000
931 1733950741 1,400000 -1,000000 -101,000000 0,000000 0,000000
931 1733950742 0,800000 -1,000000 -101,000000 0,000000 0,000000
931 1733950743 0,800000 -1,000000 -101,000000 0,000000 0,000000
931 1733950744 0,800000 -1,000000 -101,000000 0,000000 0,000000
931 1733950745 0,800000 -1,000000 -101,000000 0,000000 0,000000
931 1733950746 0,800000 -1,000000 -101,000000 0,000000 0,000000
931 1733950747 1,200000 -1,000000 -101,000000 0,000000 0,000000
931 1733950748 1,200000 -1,000000 -101,000000 0,000000 0,000000
931 1733950749 1,200000 -1,000000 -101,000000 0,000000 0,000000
931 1733950750 1,200000 -1,000000 -101,000000 0,000000 0,000000
931 1733950751 1,200000 -1,000000 -101,000000 0,000000 0,000000
931 1733950752 2,600000 -1,000000 -101,000000 0,000000 0,000000
931 1733950753 2,600000 -1,000000 -101,000000 0,000000 0,000000
931 1733950754 2,600000 -1,000000 -101,000000 0,000000 0,000000
931 1733950755 2,600000 -1,000000 -101,000000 0,000000 0,000000
931 1733950756 2,600000 -1,000000 -101,000000 0,000000 0,000000
931 1733950757 0,800000 -1,000000 -101,000000 0,000000 0,000000
931 1733950758 0,800000 -1,000000 -101,000000 0,000000 0,000000
931 1733950759 0,800000 -1,000000 -101,000000 0,000000 0,000000
931 1733950760 0,800000 -1,000000 -101,000000 0,000000 0,000000
931 1733950761 0,800000 -1,000000 -101,000000 0,000000 0,000000
931 1733950767 0,400000 -1,000000 -101,000000 0,000000 0,000000
931 1733950768 0,400000 -1,000000 -101,000000 0,000000 0,000000
931 1733950769 0,400000 -1,000000 -101,000000 0,000000 0,000000
931 1733950770 0,400000 -1,000000 -101,000000 0,000000 0,000000
931 1733950771 0,400000 -1,000000 -101,000000 0,000000 0,000000
931 1733950772 0,800000 -1,000000 -101,000000 0,000000 0,000000
931 1733950773 0,800000 -1,000000 -101,000000 0,000000 0,000000
931 1733950774 0,800000 -1,000000 -101,000000 0,000000 0,000000
931 1733950775 0,800000 -1,000000 -101,000000 0,000000 0,000000
931 1733950776 0,800000 -1,000000 -101,000000 0,000000 0,000000
931 1733950777 1,400000 -1,000000 -101,000000 0,000000 0,000000
931 1733950778 1,400000 -1,000000 -101,000000 0,000000 0,000000
931 1733950779 1,400000 -1,000000 -101,000000 0,000000 0,000000
931 1733950780 1,400000 -1,000000 -101,000000 0,000000 0,000000
931 1733950781 1,400000 -1,000000 -101,000000 0,000000 0,000000
931 1733950782 1,000000 -1,000000 -101,000000 0,000000 0,000000
931 1733950783 1,000000 -1,000000 -101,000000 0,000000 0,000000
931 1733950784 1,000000 -1,000000 -101,000000 0,000000 0,000000
931 1733950785 1,000000 -1,000000 -101,000000 0,000000 0,000000
931 1733950786 1,000000 -1,000000 -101,000000 0,000000 0,000000
931 1733950787 1,400000 -1,000000 -101,000000 0,000000 0,000000
931 1733950788 1,400000 -1,000000 -101,000000 0,000000 0,000000
931 1733950789 1,400000 -1,000000 -101,000000 0,000000 0,000000
931 1733950790 1,400000 -1,000000 -101,000000 0,000000 0,000000
931 1733950791 1,400000 -1,000000 -101,000000 0,000000 0,000000
931 1733950792 0,800000 -1,000000 -101,000000 0,000000 0,000000
931 1733950793 0,800000 -1,000000 -101,000000 0,000000 0,000000
931 1733950794 0,800000 -1,000000 -101,000000 0,000000 0,000000
931 1733950795 0,800000 -1,000000 -101,000000 0,000000 0,000000
931 1733950796 0,800000 -1,000000 -101,000000 0,000000 0,000000
931 1733950797 0,800000 -1,000000 -101,000000 0,000000 0,000000
931 1733950798 0,800000 -1,000000 -101,000000 0,000000 0,000000
931 1733950799 0,800000 -1,000000 -101,000000 0,000000 0,000000
931 1733950800 0,800000 -1,000000 -101,000000 0,000000 0,000000
931 1733950801 0,800000 -1,000000 -101,000000 0,000000 0,000000
931 1733950802 0,800000 -1,000000 -101,000000 0,000000 0,000000
931 1733950803 0,800000 -1,000000 -101,000000 0,000000 0,000000
931 1733950804 0,800000 -1,000000 -101,000000 0,000000 0,000000
931 1733950805 0,800000 -1,000000 -101,000000 0,000000 0,000000
931 1733950806 0,800000 -1,000000 -101,000000 0,000000 0,000000
931 1733950807 1,600000 -1,000000 -101,000000 0,000000 0,000000
931 1733950808 1,600000 -1,000000 -101,000000 0,000000 0,000000
931 1733950809 1,600000 -1,000000 -101,000000 0,000000 0,000000
931 1733950810 1,600000 -1,000000 -101,000000 0,000000 0,000000
931 1733950811 1,600000 -1,000000 -101,000000 0,000000 0,000000
931 1733950812 2,400000 -1,000000 -101,000000 0,000000 0,000000
931 1733950813 2,400000 -1,000000 -101,000000 0,000000 0,000000
931 1733950814 2,400000 -1,000000 -101,000000 0,000000 0,000000
931 1733950815 2,400000 -1,000000 -101,000000 0,000000 0,000000
931 1733950816 2,400000 -1,000000 -101,000000 0,000000 0,000000
931 1733950822 0,400000 -1,000000 -101,000000 0,000000 0,000000
931 1733950823 0,400000 -1,000000 -101,000000 0,000000 0,000000
931 1733950824 0,400000 -1,000000 -101,000000 0,000000 0,000000
931 1733950825 0,400000 -1,000000 -101,000000 0,000000 0,000000
931 1733950826 0,400000 -1,000000 -101,000000 0,000000 0,000000
931 1733950827 1,200000 -1,000000 -101,000000 0,000000 0,000000
931 1733950828 1,200000 -1,000000 -101,000000 0,000000 0,000000
931 1733950829 1,200000 -1,000000 -101,000000 0,000000 0,000000
931 1733950830 1,200000 -1,000000 -101,000000 0,000000 0,000000
931 1733950831 1,200000 -1,000000 -101,000000 0,000000 0,000000
931 1733950832 0,800000 -1,000000 -101,000000 0,000000 0,000000
931 1733950833 0,800000 -1,000000 -101,000000 0,000000 0,000000
931 1733950834 0,800000 -1,000000 -101,000000 0,000000 0,000000
931 1733950835 0,800000 -1,000000 -101,000000 0,000000 0,000000
931 1733950836 0,800000 -1,000000 -101,000000 0,000000 0,000000
931 1733950837 1,000000 -1,000000 -101,000000 0,000000 0,000000
931 1733950838 1,000000 -1,000000 -101,000000 0,000000 0,000000
931 1733950839 1,000000 -1,000000 -101,000000 0,000000 0,000000
931 1733950840 1,000000 -1,000000 -101,000000 0,000000 0,000000
931 1733950841 1,000000 -1,000000 -101,000000 0,000000 0,000000
931 1733950842 1,200000 -1,000000 -101,000000 0,000000 0,000000
931 1733950843 1,200000 -1,000000 -101,000000 0,000000 0,000000
931 1733950844 1,200000 -1,000000 -101,000000 0,000000 0,000000
931 1733950845 1,200000 -1,000000 -101,000000 0,000000 0,000000
931 1733950846 1,200000 -1,000000 -101,000000 0,000000 0,000000
931 1733950847 2,000000 -1,000000 -101,000000 0,000000 0,000000
931 1733950848 2,000000 -1,000000 -101,000000 0,000000 0,000000
931 1733950849 2,000000 -1,000000 -101,000000 0,000000 0,000000
931 1733950850 2,000000 -1,000000 -101,000000 0,000000 0,000000
931 1733950851 2,000000 -1,000000 -101,000000 0,000000 0,000000
931 1733950852 1,200000 -1,000000 -101,000000 0,000000 0,000000
931 1733950853 1,200000 -1,000000 -101,000000 0,000000 0,000000
931 1733950854 1,200000 -1,000000 -101,000000 0,000000 0,000000
931 1733950855 1,200000 -1,000000 -101,000000 0,000000 0,000000
931 1733950856 1,200000 -1,000000 -101,000000 0,000000 0,000000
931 1733950857 0,400000 -1,000000 -101,000000 0,000000 0,000000
931 1733950858 0,400000 -1,000000 -101,000000 0,000000 0,000000
931 1733950859 0,400000 -1,000000 -101,000000 0,000000 0,000000
931 1733950860 0,400000 -1,000000 -101,000000 0,000000 0,000000
931 1733950861 0,400000 -1,000000 -101,000000 0,000000 0,000000
931 1733950862 0,200000 -1,000000 -101,000000 0,000000 0,000000
931 1733950863 0,200000 -1,000000 -101,000000 0,000000 0,000000
931 1733950864 0,200000 -1,000000 -101,000000 0,000000 0,000000
931 1733950865 0,200000 -1,000000 -101,000000 0,000000 0,000000
931 1733950866 0,200000 -1,000000 -101,000000 0,000000 0,000000
931 1733950867 1,000000 -1,000000 -101,000000 0,000000 0,000000
931 1733950868 1,000000 -1,000000 -101,000000 0,000000 0,000000
931 1733950869 1,000000 -1,000000 -101,000000 0,000000 0,000000
931 1733950870 1,000000 -1,000000 -101,000000 0,000000 0,000000
931 1733950871 1,000000 -1,000000 -101,000000 0,000000 0,000000
931 1733950872 2,400000 -1,000000 -101,000000 0,000000 0,000000
931 1733950873 2,400000 -1,000000 -101,000000 0,000000 0,000000
931 1733950874 2,400000 -1,000000 -101,000000 0,000000 0,000000
931 1733950875 2,400000 -1,000000 -101,000000 0,000000 0,000000
931 1733950876 2,400000 -1,000000 -101,000000 0,000000 0,000000
931 1733950877 0,800000 -1,000000 -101,000000 0,000000 0,000000
931 1733950878 0,800000 -1,000000 -101,000000 0,000000 0,000000
931 1733950879 0,800000 -1,000000 -101,000000 0,000000 0,000000
931 1733950880 0,800000 -1,000000 -101,000000 0,000000 0,000000
931 1733950881 0,800000 -1,000000 -101,000000 0,000000 0,000000
931 1733950882 0,800000 -1,000000 -101,000000 0,000000 0,000000
931 1733950883 0,800000 -1,000000 -101,000000 0,000000 0,000000
931 1733950884 0,800000 -1,000000 -101,000000 0,000000 0,000000
931 1733950885 0,800000 -1,000000 -101,000000 0,000000 0,000000
931 1733950886 0,800000 -1,000000 -101,000000 0,000000 0,000000
931 1733950887 1,400000 -1,000000 -101,000000 0,000000 0,000000
931 1733950888 1,400000 -1,000000 -101,000000 0,000000 0,000000
931 1733950889 1,400000 -1,000000 -101,000000 0,000000 0,000000
931 1733950890 1,400000 -1,000000 -101,000000 0,000000 0,000000
931 1733950891 1,400000 -1,000000 -101,000000 0,000000 0,000000
931 1733950892 0,600000 -1,000000 -101,000000 0,000000 0,000000
931 1733950893 0,600000 -1,000000 -101,000000 0,000000 0,000000
931 1733950894 0,600000 -1,000000 -101,000000 0,000000 0,000000
931 1733950895 0,600000 -1,000000 -101,000000 0,000000 0,000000
931 1733950896 0,600000 -1,000000 -101,000000 0,000000 0,000000
931 1733950897 1,200000 -1,000000 -101,000000 0,000000 0,000000
931 1733950898 1,200000 -1,000000 -101,000000 0,000000 0,000000
931 1733950899 1,200000 -1,000000 -101,000000 0,000000 0,000000
931 1733950900 1,200000 -1,000000 -101,000000 0,000000 0,000000
931 1733950901 1,200000 -1,000000 -101,000000 0,000000 0,000000
931 1733950902 2,600000 -1,000000 -101,000000 0,000000 0,000000
931 1733950903 2,600000 -1,000000 -101,000000 0,000000 0,000000
931 1733950904 2,600000 -1,000000 -101,000000 0,000000 0,000000
931 1733950905 2,600000 -1,000000 -101,000000 0,000000 0,000000
931 1733950906 2,600000 -1,000000 -101,000000 0,000000 0,000000
931 1733950907 1,200000 -1,000000 -101,000000 0,000000 0,000000
931 1733950908 1,200000 -1,000000 -101,000000 0,000000 0,000000
931 1733950909 1,200000 -1,000000 -101,000000 0,000000 0,000000
931 1733950910 1,200000 -1,000000 -101,000000 0,000000 0,000000
931 1733950911 1,200000 -1,000000 -101,000000 0,000000 0,000000
931 1733950912 0,800000 -1,000000 -101,000000 0,000000 0,000000
931 1733950913 0,800000 -1,000000 -101,000000 0,000000 0,000000
931 1733950914 0,800000 -1,000000 -101,000000 0,000000 0,000000
931 1733950915 0,800000 -1,000000 -101,000000 0,000000 0,000000
931 1733950916 0,800000 -1,000000 -101,000000 0,000000 0,000000
931 1733950922 0,800000 -1,000000 -101,000000 0,000000 0,000000
931 1733950923 0,800000 -1,000000 -101,000000 0,000000 0,000000
931 1733950924 0,800000 -1,000000 -101,000000 0,000000 0,000000
931 1733950925 0,800000 -1,000000 -101,000000 0,000000 0,000000
931 1733950926 0,800000 -1,000000 -101,000000 0,000000 0,000000
931 1733950927 1,000000 -1,000000 -101,000000 0,000000 0,000000
931 1733950928 1,000000 -1,000000 -101,000000 0,000000 0,000000
931 1733950929 1,000000 -1,000000 -101,000000 0,000000 0,000000
931 1733950930 1,000000 -1,000000 -101,000000 0,000000 0,000000
931 1733950931 1,000000 -1,000000 -101,000000 0,000000 0,000000
931 1733950932 1,800000 -1,000000 -101,000000 0,000000 0,000000
931 1733950933 1,800000 -1,000000 -101,000000 0,000000 0,000000
931 1733950934 1,800000 -1,000000 -101,000000 0,000000 0,000000
931 1733950935 1,800000 -1,000000 -101,000000 0,000000 0,000000
931 1733950936 1,800000 -1,000000 -101,000000 0,000000 0,000000
931 1733950937 0,600000 -1,000000 -101,000000 0,000000 0,000000
931 1733950938 0,600000 -1,000000 -101,000000 0,000000 0,000000
931 1733950939 0,600000 -1,000000 -101,000000 0,000000 0,000000
931 1733950940 0,600000 -1,000000 -101,000000 0,000000 0,000000
931 1733950941 0,600000 -1,000000 -101,000000 0,000000 0,000000
931 1733950942 0,400000 -1,000000 -101,000000 0,000000 0,000000
931 1733950943 0,400000 -1,000000 -101,000000 0,000000 0,000000
931 1733950944 0,400000 -1,000000 -101,000000 0,000000 0,000000
931 1733950945 0,400000 -1,000000 -101,000000 0,000000 0,000000
931 1733950946 0,400000 -1,000000 -101,000000 0,000000 0,000000
931 1733950947 1,600000 -1,000000 -101,000000 0,000000 0,000000
931 1733950948 1,600000 -1,000000 -101,000000 0,000000 0,000000
931 1733950949 1,600000 -1,000000 -101,000000 0,000000 0,000000
931 1733950950 1,600000 -1,000000 -101,000000 0,000000 0,000000
931 1733950951 1,600000 -1,000000 -101,000000 0,000000 0,000000
931 1733950952 0,800000 -1,000000 -101,000000 0,000000 0,000000
931 1733950953 0,800000 -1,000000 -101,000000 0,000000 0,000000
931 1733950954 0,800000 -1,000000 -101,000000 0,000000 0,000000
931 1733950955 0,800000 -1,000000 -101,000000 0,000000 0,000000
931 1733950956 0,800000 -1,000000 -101,000000 0,000000 0,000000
931 1733950957 1,800000 -1,000000 -101,000000 0,000000 0,000000
931 1733950958 1,800000 -1,000000 -101,000000 0,000000 0,000000
931 1733950959 1,800000 -1,000000 -101,000000 0,000000 0,000000
931 1733950960 1,800000 -1,000000 -101,000000 0,000000 0,000000
931 1733950961 1,800000 -1,000000 -101,000000 0,000000 0,000000
931 1733950962 0,600000 -1,000000 -101,000000 0,000000 0,000000
931 1733950963 0,600000 -1,000000 -101,000000 0,000000 0,000000
931 1733950964 0,600000 -1,000000 -101,000000 0,000000 0,000000
931 1733950965 0,600000 -1,000000 -101,000000 0,000000 0,000000
931 1733950966 0,600000 -1,000000 -101,000000 0,000000 0,000000
931 1733950967 1,000000 -1,000000 -101,000000 0,000000 0,000000
931 1733950968 1,000000 -1,000000 -101,000000 0,000000 0,000000
931 1733950969 1,000000 -1,000000 -101,000000 0,000000 0,000000
931 1733950970 1,000000 -1,000000 -101,000000 0,000000 0,000000
931 1733950971 1,000000 -1,000000 -101,000000 0,000000 0,000000
931 1733950972 0,600000 -1,000000 -101,000000 0,000000 0,000000
931 1733950973 0,600000 -1,000000 -101,000000 0,000000 0,000000
931 1733950974 0,600000 -1,000000 -101,000000 0,000000 0,000000
931 1733950975 0,600000 -1,000000 -101,000000 0,000000 0,000000
931 1733950976 0,600000 -1,000000 -101,000000 0,000000 0,000000
931 1733950977 1,200000 -1,000000 -101,000000 0,000000 0,000000
931 1733950978 1,200000 -1,000000 -101,000000 0,000000 0,000000
931 1733950979 1,200000 -1,000000 -101,000000 0,000000 0,000000
931 1733950980 1,200000 -1,000000 -101,000000 0,000000 0,000000
931 1733950981 1,200000 -1,000000 -101,000000 0,000000 0,000000
931 1733950982 1,000000 -1,000000 -101,000000 0,000000 0,000000
931 1733950983 1,000000 -1,000000 -101,000000 0,000000 0,000000
931 1733950984 1,000000 -1,000000 -101,000000 0,000000 0,000000
931 1733950985 1,000000 -1,000000 -101,000000 0,000000 0,000000
931 1733950986 1,000000 -1,000000 -101,000000 0,000000 0,000000
931 1733950987 1,200000 -1,000000 -101,000000 0,000000 0,000000
931 1733950988 1,200000 -1,000000 -101,000000 0,000000 0,000000
931 1733950989 1,200000 -1,000000 -101,000000 0,000000 0,000000
931 1733950990 1,200000 -1,000000 -101,000000 0,000000 0,000000
931 1733950991 1,200000 -1,000000 -101,000000 0,000000 0,000000
931 1733950992 2,200000 -1,000000 -101,000000 0,000000 0,000000
931 1733950993 2,200000 -1,000000 -101,000000 0,000000 0,000000
931 1733950994 2,200000 -1,000000 -101,000000 0,000000 0,000000
931 1733950995 2,200000 -1,000000 -101,000000 0,000000 0,000000
931 1733950996 2,200000 -1,000000 -101,000000 0,000000 0,000000
931 1733950997 0,800000 -1,000000 -101,000000 0,000000 0,000000
931 1733950998 0,800000 -1,000000 -101,000000 0,000000 0,000000
931 1733950999 0,800000 -1,000000 -101,000000 0,000000 0,000000
931 1733951000 0,800000 -1,000000 -101,000000 0,000000 0,000000
931 1733951001 0,800000 -1,000000 -101,000000 0,000000 0,000000
931 1733951002 0,400000 -1,000000 -101,000000 0,000000 0,000000
931 1733951003 0,400000 -1,000000 -101,000000 0,000000 0,000000
931 1733951004 0,400000 -1,000000 -101,000000 0,000000 0,000000
931 1733951005 0,400000 -1,000000 -101,000000 0,000000 0,000000
931 1733951006 0,400000 -1,000000 -101,000000 0,000000 0,000000
931 1733951007 0,200000 -1,000000 -101,000000 0,000000 0,000000
931 1733951008 0,200000 -1,000000 -101,000000 0,000000 0,000000
931 1733951009 0,200000 -1,000000 -101,000000 0,000000 0,000000
931 1733951010 0,200000 -1,000000 -101,000000 0,000000 0,000000
931 1733951011 0,200000 -1,000000 -101,000000 0,000000 0,000000
931 1733951012 0,800000 -1,000000 -101,000000 0,000000 0,000000
931 1733951013 0,800000 -1,000000 -101,000000 0,000000 0,000000
931 1733951014 0,800000 -1,000000 -101,000000 0,000000 0,000000
931 1733951015 0,800000 -1,000000 -101,000000 0,000000 0,000000
931 1733951016 0,800000 -1,000000 -101,000000 0,000000 0,000000
931 1733951017 1,000000 -1,000000 -101,000000 0,000000 0,000000
931 1733951018 1,000000 -1,000000 -101,000000 0,000000 0,000000
931 1733951019 1,000000 -1,000000 -101,000000 0,000000 0,000000
931 1733951020 1,000000 -1,000000 -101,000000 0,000000 0,000000
931 1733951021 1,000000 -1,000000 -101,000000 0,000000 0,000000
931 1733951022 1,600000 -1,000000 -101,000000 0,000000 0,000000
931 1733951023 1,600000 -1,000000 -101,000000 0,000000 0,000000
931 1733951024 1,600000 -1,000000 -101,000000 0,000000 0,000000
931 1733951025 1,600000 -1,000000 -101,000000 0,000000 0,000000
931 1733951026 1,600000 -1,000000 -101,000000 0,000000 0,000000
931 1733951027 2,400000 -1,000000 -101,000000 0,000000 0,000000
931 1733951028 2,400000 -1,000000 -101,000000 0,000000 0,000000
931 1733951029 2,400000 -1,000000 -101,000000 0,000000 0,000000
931 1733951030 2,400000 -1,000000 -101,000000 0,000000 0,000000
931 1733951031 2,400000 -1,000000 -101,000000 0,000000 0,000000
931 1733951032 1,400000 -1,000000 -101,000000 0,000000 0,000000
931 1733951033 1,400000 -1,000000 -101,000000 0,000000 0,000000
931 1733951034 1,400000 -1,000000 -101,000000 0,000000 0,000000
931 1733951035 1,400000 -1,000000 -101,000000 0,000000 0,000000
931 1733951036 1,400000 -1,000000 -101,000000 0,000000 0,000000
931 1733951042 0,800000 -1,000000 -101,000000 0,000000 0,000000
931 1733951043 0,800000 -1,000000 -101,000000 0,000000 0,000000
931 1733951044 0,800000 -1,000000 -101,000000 0,000000 0,000000
931 1733951045 0,800000 -1,000000 -101,000000 0,000000 0,000000
931 1733951046 0,800000 -1,000000 -101,000000 0,000000 0,000000
931 1733951047 1,400000 -1,000000 -101,000000 0,000000 0,000000
931 1733951048 1,400000 -1,000000 -101,000000 0,000000 0,000000
931 1733951049 1,400000 -1,000000 -101,000000 0,000000 0,000000
931 1733951050 1,400000 -1,000000 -101,000000 0,000000 0,000000
931 1733951051 1,400000 -1,000000 -101,000000 0,000000 0,000000
931 1733951052 1,800000 -1,000000 -101,000000 0,000000 0,000000
931 1733951053 1,800000 -1,000000 -101,000000 0,000000 0,000000
931 1733951054 1,800000 -1,000000 -101,000000 0,000000 0,000000
931 1733951055 1,800000 -1,000000 -101,000000 0,000000 0,000000
931 1733951056 1,800000 -1,000000 -101,000000 0,000000 0,000000
931 1733951057 1,400000 -1,000000 -101,000000 0,000000 0,000000
931 1733951058 1,400000 -1,000000 -101,000000 0,000000 0,000000
931 1733951059 1,400000 -1,000000 -101,000000 0,000000 0,000000
931 1733951060 1,400000 -1,000000 -101,000000 0,000000 0,000000
931 1733951061 1,400000 -1,000000 -101,000000 0,000000 0,000000
931 1733951062 0,800000 -1,000000 -101,000000 0,000000 0,000000
931 1733951063 0,800000 -1,000000 -101,000000 0,000000 0,000000
931 1733951064 0,800000 -1,000000 -101,000000 0,000000 0,000000
931 1733951065 0,800000 -1,000000 -101,000000 0,000000 0,000000
931 1733951066 0,800000 -1,000000 -101,000000 0,000000 0,000000
931 1733951067 0,200000 -1,000000 -101,000000 0,000000 0,000000
931 1733951068 0,200000 -1,000000 -101,000000 0,000000 0,000000
931 1733951069 0,200000 -1,000000 -101,000000 0,000000 0,000000
931 1733951070 0,200000 -1,000000 -101,000000 0,000000 0,000000
931 1733951071 0,200000 -1,000000 -101,000000 0,000000 0,000000
931 1733951072 0,800000 -1,000000 -101,000000 0,000000 0,000000
931 1733951073 0,800000 -1,000000 -101,000000 0,000000 0,000000
931 1733951074 0,800000 -1,000000 -101,000000 0,000000 0,000000
931 1733951075 0,800000 -1,000000 -101,000000 0,000000 0,000000
931 1733951076 0,800000 -1,000000 -101,000000 0,000000 0,000000
931 1733951077 1,200000 -1,000000 -101,000000 0,000000 0,000000
931 1733951078 1,200000 -1,000000 -101,000000 0,000000 0,000000
931 1733951079 1,200000 -1,000000 -101,000000 0,000000 0,000000
931 1733951080 1,200000 -1,000000 -101,000000 0,000000 0,000000
931 1733951081 1,200000 -1,000000 -101,000000 0,000000 0,000000
931 1733951082 1,200000 -1,000000 -101,000000 0,000000 0,000000
931 1733951083 1,200000 -1,000000 -101,000000 0,000000 0,000000
931 1733951084 1,200000 -1,000000 -101,000000 0,000000 0,000000
931 1733951085 1,200000 -1,000000 -101,000000 0,000000 0,000000
931 1733951086 1,200000 -1,000000 -101,000000 0,000000 0,000000
931 1733951087 1,600000 -1,000000 -101,000000 0,000000 0,000000
931 1733951088 1,600000 -1,000000 -101,000000 0,000000 0,000000
931 1733951089 1,600000 -1,000000 -101,000000 0,000000 0,000000
931 1733951090 1,600000 -1,000000 -101,000000 0,000000 0,000000
931 1733951091 1,600000 -1,000000 -101,000000 0,000000 0,000000
931 1733951092 1,400000 -1,000000 -101,000000 0,000000 0,000000
931 1733951093 1,400000 -1,000000 -101,000000 0,000000 0,000000
931 1733951094 1,400000 -1,000000 -101,000000 0,000000 0,000000
931 1733951095 1,400000 -1,000000 -101,000000 0,000000 0,000000
931 1733951096 1,400000 -1,000000 -101,000000 0,000000 0,000000
931 1733951097 0,600000 -1,000000 -101,000000 0,000000 0,000000
931 1733951098 0,600000 -1,000000 -101,000000 0,000000 0,000000
931 1733951099 0,600000 -1,000000 -101,000000 0,000000 0,000000
931 1733951100 0,600000 -1,000000 -101,000000 0,000000 0,000000
931 1733951101 0,600000 -1,000000 -101,000000 0,000000 0,000000
931 1733951102 1,400000 -1,000000 -101,000000 0,000000 0,000000
931 1733951103 1,400000 -1,000000 -101,000000 0,000000 0,000000
931 1733951104 1,400000 -1,000000 -101,000000 0,000000 0,000000
931 1733951105 1,400000 -1,000000 -101,000000 0,000000 0,000000
931 1733951106 1,400000 -1,000000 -101,000000 0,000000 0,000000
931 1733951107 0,600000 -1,000000 -101,000000 0,000000 0,000000
931 1733951108 0,600000 -1,000000 -101,000000 0,000000 0,000000
931 1733951109 0,600000 -1,000000 -101,000000 0,000000 0,000000
931 1733951110 0,600000 -1,000000 -101,000000 0,000000 0,000000
931 1733951111 0,600000 -1,000000 -101,000000 0,000000 0,000000
931 1733951112 1,200000 -1,000000 -101,000000 0,000000 0,000000
931 1733951113 1,200000 -1,000000 -101,000000 0,000000 0,000000
931 1733951114 1,200000 -1,000000 -101,000000 0,000000 0,000000
931 1733951115 1,200000 -1,000000 -101,000000 0,000000 0,000000
931 1733951116 1,200000 -1,000000 -101,000000 0,000000 0,000000
931 1733951117 0,200000 -1,000000 -101,000000 0,000000 0,000000
931 1733951118 0,200000 -1,000000 -101,000000 0,000000 0,000000
931 1733951119 0,200000 -1,000000 -101,000000 0,000000 0,000000
931 1733951120 0,200000 -1,000000 -101,000000 0,000000 0,000000
931 1733951121 0,200000 -1,000000 -101,000000 0,000000 0,000000
931 1733951122 0,200000 -1,000000 -101,000000 0,000000 0,000000
931 1733951123 0,200000 -1,000000 -101,000000 0,000000 0,000000
931 1733951124 0,200000 -1,000000 -101,000000 0,000000 0,000000
931 1733951125 0,200000 -1,000000 -101,000000 0,000000 0,000000
931 1733951126 0,200000 -1,000000 -101,000000 0,000000 0,000000
931 1733951127 0,800000 -1,000000 -101,000000 0,000000 0,000000
931 1733951128 0,800000 -1,000000 -101,000000 0,000000 0,000000
931 1733951129 0,800000 -1,000000 -101,000000 0,000000 0,000000
931 1733951130 0,800000 -1,000000 -101,000000 0,000000 0,000000
931 1733951131 0,800000 -1,000000 -101,000000 0,000000 0,000000
931 1733951132 2,200000 -1,000000 -101,000000 0,000000 0,000000
931 1733951133 2,200000 -1,000000 -101,000000 0,000000 0,000000
931 1733951134 2,200000 -1,000000 -101,000000 0,000000 0,000000
931 1733951135 2,200000 -1,000000 -101,000000 0,000000 0,000000
931 1733951136 2,200000 -1,000000 -101,000000 0,000000 0,000000
931 1733951137 1,600000 -1,000000 -101,000000 0,000000 0,000000
931 1733951138 1,600000 -1,000000 -101,000000 0,000000 0,000000
931 1733951139 1,600000 -1,000000 -101,000000 0,000000 0,000000
931 1733951140 1,600000 -1,000000 -101,000000 0,000000 0,000000
931 1733951141 1,600000 -1,000000 -101,000000 0,000000 0,000000
931 1733951142 1,400000 -1,000000 -101,000000 0,000000 0,000000
931 1733951143 1,400000 -1,000000 -101,000000 0,000000 0,000000
931 1733951144 1,400000 -1,000000 -101,000000 0,000000 0,000000
931 1733951145 1,400000 -1,000000 -101,000000 0,000000 0,000000
931 1733951146 1,400000 -1,000000 -101,000000 0,000000 0,000000
931 1733951147 1,400000 -1,000000 -101,000000 0,000000 0,000000
931 1733951148 1,400000 -1,000000 -101,000000 0,000000 0,000000
931 1733951149 1,400000 -1,000000 -101,000000 0,000000 0,000000
931 1733951150 1,400000 -1,000000 -101,000000 0,000000 0,000000
931 1733951151 1,400000 -1,000000 -101,000000 0,000000 0,000000
931 1733951152 0,400000 -1,000000 -101,000000 0,000000 0,000000
931 1733951153 0,400000 -1,000000 -101,000000 0,000000 0,000000
931 1733951154 0,400000 -1,000000 -101,000000 0,000000 0,000000
931 1733951155 0,400000 -1,000000 -101,000000 0,000000 0,000000
931 1733951156 0,400000 -1,000000 -101,000000 0,000000 0,000000
931 1733951157 0,400000 -1,000000 -101,000000 0,000000 0,000000
931 1733951158 0,400000 -1,000000 -101,000000 0,000000 0,000000
931 1733951159 0,400000 -1,000000 -101,000000 0,000000 0,000000
931 1733951160 0,400000 -1,000000 -101,000000 0,000000 0,000000
931 1733951161 0,400000 -1,000000 -101,000000 0,000000 0,000000
931 1733951162 0,400000 -1,000000 -101,000000 0,000000 0,000000
931 1733951163 0,400000 -1,000000 -101,000000 0,000000 0,000000
931 1733951164 0,400000 -1,000000 -101,000000 0,000000 0,000000
931 1733951165 0,400000 -1,000000 -101,000000 0,000000 0,000000
931 1733951166 0,400000 -1,000000 -101,000000 0,000000 0,000000
931 1733951167 1,400000 -1,000000 -101,000000 0,000000 0,000000
931 1733951168 1,400000 -1,000000 -101,000000 0,000000 0,000000
931 1733951169 1,400000 -1,000000 -101,000000 0,000000 0,000000
931 1733951170 1,400000 -1,000000 -101,000000 0,000000 0,000000
931 1733951171 1,400000 -1,000000 -101,000000 0,000000 0,000000
931 1733951172 2,200000 -1,000000 -101,000000 0,000000 0,000000
931 1733951173 2,200000 -1,000000 -101,000000 0,000000 0,000000
931 1733951174 2,200000 -1,000000 -101,000000 0,000000 0,000000
931 1733951175 2,200000 -1,000000 -101,000000 0,000000 0,000000
931 1733951176 2,200000 -1,000000 -101,000000 0,000000 0,000000
931 1733951177 1,400000 -1,000000 -101,000000 0,000000 0,000000
931 1733951178 1,400000 -1,000000 -101,000000 0,000000 0,000000
931 1733951179 1,400000 -1,000000 -101,000000 0,000000 0,000000
931 1733951180 1,400000 -1,000000 -101,000000 0,000000 0,000000
931 1733951181 1,400000 -1,000000 -101,000000 0,000000 0,000000
931 1733951182 0,400000 -1,000000 -101,000000 0,000000 0,000000
931 1733951183 0,400000 -1,000000 -101,000000 0,000000 0,000000
931 1733951184 0,400000 -1,000000 -101,000000 0,000000 0,000000
931 1733951185 0,400000 -1,000000 -101,000000 0,000000 0,000000
931 1733951186 0,400000 -1,000000 -101,000000 0,000000 0,000000
931 1733951187 0,800000 -1,000000 -101,000000 0,000000 0,000000
931 1733951188 0,800000 -1,000000 -101,000000 0,000000 0,000000
931 1733951189 0,800000 -1,000000 -101,000000 0,000000 0,000000
931 1733951190 0,800000 -1,000000 -101,000000 0,000000 0,000000
931 1733951191 0,800000 -1,000000 -101,000000 0,000000 0,000000
931 1733951192 1,200000 -1,000000 -101,000000 0,000000 0,000000
931 1733951193 1,200000 -1,000000 -101,000000 0,000000 0,000000
931 1733951194 1,200000 -1,000000 -101,000000 0,000000 0,000000
931 1733951195 1,200000 -1,000000 -101,000000 0,000000 0,000000
931 1733951196 1,200000 -1,000000 -101,000000 0,000000 0,000000
931 1733951197 0,800000 -1,000000 -101,000000 0,000000 0,000000
931 1733951198 0,800000 -1,000000 -101,000000 0,000000 0,000000
931 1733951199 0,800000 -1,000000 -101,000000 0,000000 0,000000
931 1733951200 0,800000 -1,000000 -101,000000 0,000000 0,000000
931 1733951201 0,800000 -1,000000 -101,000000 0,000000 0,000000
931 1733951202 1,200000 -1,000000 -101,000000 0,000000 0,000000
931 1733951203 1,200000 -1,000000 -101,000000 0,000000 0,000000
931 1733951204 1,200000 -1,000000 -101,000000 0,000000 0,000000
931 1733951205 1,200000 -1,000000 -101,000000 0,000000 0,000000
931 1733951206 1,200000 -1,000000 -101,000000 0,000000 0,000000
931 1733951207 3,000000 -1,000000 -101,000000 0,000000 0,000000
931 1733951208 3,000000 -1,000000 -101,000000 0,000000 0,000000
931 1733951209 3,000000 -1,000000 -101,000000 0,000000 0,000000
931 1733951210 3,000000 -1,000000 -101,000000 0,000000 0,000000
931 1733951211 3,000000 -1,000000 -101,000000 0,000000 0,000000
931 1733951212 0,600000 -1,000000 -101,000000 0,000000 0,000000
931 1733951213 0,600000 -1,000000 -101,000000 0,000000 0,000000
931 1733951214 0,600000 -1,000000 -101,000000 0,000000 0,000000
931 1733951215 0,600000 -1,000000 -101,000000 0,000000 0,000000
931 1733951216 0,600000 -1,000000 -101,000000 0,000000 0,000000
931 1733951217 0,400000 -1,000000 -101,000000 0,000000 0,000000
931 1733951218 0,400000 -1,000000 -101,000000 0,000000 0,000000
931 1733951219 0,400000 -1,000000 -101,000000 0,000000 0,000000
931 1733951220 0,400000 -1,000000 -101,000000 0,000000 0,000000
931 1733951221 0,400000 -1,000000 -101,000000 0,000000 0,000000
931 1733951222 0,600000 -1,000000 -101,000000 0,000000 0,000000
931 1733951223 0,600000 -1,000000 -101,000000 0,000000 0,000000
931 1733951224 0,600000 -1,000000 -101,000000 0,000000 0,000000
931 1733951225 0,600000 -1,000000 -101,000000 0,000000 0,000000
931 1733951226 0,600000 -1,000000 -101,000000 0,000000 0,000000
931 1733951227 1,200000 -1,000000 -101,000000 0,000000 0,000000
931 1733951228 1,200000 -1,000000 -101,000000 0,000000 0,000000
931 1733951229 1,200000 -1,000000 -101,000000 0,000000 0,000000
931 1733951230 1,200000 -1,000000 -101,000000 0,000000 0,000000
931 1733951231 1,200000 -1,000000 -101,000000 0,000000 0,000000
931 1733951232 1,800000 -1,000000 -101,000000 0,000000 0,000000
931 1733951233 1,800000 -1,000000 -101,000000 0,000000 0,000000
931 1733951234 1,800000 -1,000000 -101,000000 0,000000 0,000000
931 1733951235 1,800000 -1,000000 -101,000000 0,000000 0,000000
931 1733951236 1,800000 -1,000000 -101,000000 0,000000 0,000000
931 1733951237 1,200000 -1,000000 -101,000000 0,000000 0,000000
931 1733951238 1,200000 -1,000000 -101,000000 0,000000 0,000000
931 1733951239 1,200000 -1,000000 -101,000000 0,000000 0,000000
931 1733951240 1,200000 -1,000000 -101,000000 0,000000 0,000000
931 1733951241 1,200000 -1,000000 -101,000000 0,000000 0,000000
931 1733951242 0,800000 -1,000000 -101,000000 0,000000 0,000000
931 1733951243 0,800000 -1,000000 -101,000000 0,000000 0,000000
931 1733951244 0,800000 -1,000000 -101,000000 0,000000 0,000000
931 1733951245 0,800000 -1,000000 -101,000000 0,000000 0,000000
931 1733951246 0,800000 -1,000000 -101,000000 0,000000 0,000000
931 1733951252 1,400000 -1,000000 -101,000000 0,000000 0,000000
931 1733951253 1,400000 -1,000000 -101,000000 0,000000 0,000000
931 1733951254 1,400000 -1,000000 -101,000000 0,000000 0,000000
931 1733951255 1,400000 -1,000000 -101,000000 0,000000 0,000000
931 1733951256 1,400000 -1,000000 -101,000000 0,000000 0,000000
931 1733951257 0,600000 -1,000000 -101,000000 0,000000 0,000000
931 1733951258 0,600000 -1,000000 -101,000000 0,000000 0,000000
931 1733951259 0,600000 -1,000000 -101,000000 0,000000 0,000000
931 1733951260 0,600000 -1,000000 -101,000000 0,000000 0,000000
931 1733951261 0,600000 -1,000000 -101,000000 0,000000 0,000000
931 1733951262 1,000000 -1,000000 -101,000000 0,000000 0,000000
931 1733951263 1,000000 -1,000000 -101,000000 0,000000 0,000000
931 1733951264 1,000000 -1,000000 -101,000000 0,000000 0,000000
931 1733951265 1,000000 -1,000000 -101,000000 0,000000 0,000000
931 1733951266 1,000000 -1,000000 -101,000000 0,000000 0,000000
931 1733951267 1,400000 -1,000000 -101,000000 0,000000 0,000000
931 1733951268 1,400000 -1,000000 -101,000000 0,000000 0,000000
931 1733951269 1,400000 -1,000000 -101,000000 0,000000 0,000000
931 1733951270 1,400000 -1,000000 -101,000000 0,000000 0,000000
931 1733951271 1,400000 -1,000000 -101,000000 0,000000 0,000000
931 1733951272 0,600000 -1,000000 -101,000000 0,000000 0,000000
931 1733951273 0,600000 -1,000000 -101,000000 0,000000 0,000000
931 1733951274 0,600000 -1,000000 -101,000000 0,000000 0,000000
931 1733951275 0,600000 -1,000000 -101,000000 0,000000 0,000000
931 1733951276 0,600000 -1,000000 -101,000000 0,000000 0,000000
931 1733951277 0,800000 -1,000000 -101,000000 0,000000 0,000000
931 1733951278 0,800000 -1,000000 -101,000000 0,000000 0,000000
931 1733951279 0,800000 -1,000000 -101,000000 0,000000 0,000000
931 1733951280 0,800000 -1,000000 -101,000000 0,000000 0,000000
931 1733951281 0,800000 -1,000000 -101,000000 0,000000 0,000000
931 1733951282 2,000000 -1,000000 -101,000000 0,000000 0,000000
931 1733951283 2,000000 -1,000000 -101,000000 0,000000 0,000000
931 1733951284 2,000000 -1,000000 -101,000000 0,000000 0,000000
931 1733951285 2,000000 -1,000000 -101,000000 0,000000 0,000000
931 1733951286 2,000000 -1,000000 -101,000000 0,000000 0,000000
931 1733951287 1,400000 -1,000000 -101,000000 0,000000 0,000000
931 1733951288 1,400000 -1,000000 -101,000000 0,000000 0,000000
931 1733951289 1,400000 -1,000000 -101,000000 0,000000 0,000000
931 1733951290 1,400000 -1,000000 -101,000000 0,000000 0,000000
931 1733951291 1,400000 -1,000000 -101,000000 0,000000 0,000000
931 1733951292 1,400000 -1,000000 -101,000000 0,000000 0,000000
931 1733951293 1,400000 -1,000000 -101,000000 0,000000 0,000000
931 1733951294 1,400000 -1,000000 -101,000000 0,000000 0,000000
931 1733951295 1,400000 -1,000000 -101,000000 0,000000 0,000000
931 1733951296 1,400000 -1,000000 -101,000000 0,000000 0,000000
931 1733951297 0,600000 -1,000000 -101,000000 0,000000 0,000000
931 1733951298 0,600000 -1,000000 -101,000000 0,000000 0,000000
931 1733951299 0,600000 -1,000000 -101,000000 0,000000 0,000000
931 1733951300 0,600000 -1,000000 -101,000000 0,000000 0,000000
931 1733951301 0,600000 -1,000000 -101,000000 0,000000 0,000000
931 1733951302 0,200000 -1,000000 -101,000000 0,000000 0,000000
931 1733951303 0,200000 -1,000000 -101,000000 0,000000 0,000000
931 1733951304 0,200000 -1,000000 -101,000000 0,000000 0,000000
931 1733951305 0,200000 -1,000000 -101,000000 0,000000 0,000000
931 1733951306 0,200000 -1,000000 -101,000000 0,000000 0,000000
931 1733951307 0,400000 -1,000000 -101,000000 0,000000 0,000000
931 1733951308 0,400000 -1,000000 -101,000000 0,000000 0,000000
931 1733951309 0,400000 -1,000000 -101,000000 0,000000 0,000000
931 1733951310 0,400000 -1,000000 -101,000000 0,000000 0,000000
931 1733951311 0,400000 -1,000000 -101,000000 0,000000 0,000000
931 1733951312 1,200000 -1,000000 -101,000000 0,000000 0,000000
931 1733951313 1,200000 -1,000000 -101,000000 0,000000 0,000000
931 1733951314 1,200000 -1,000000 -101,000000 0,000000 0,000000
931 1733951315 1,200000 -1,000000 -101,000000 0,000000 0,000000
931 1733951316 1,200000 -1,000000 -101,000000 0,000000 0,000000
931 1733951317 1,600000 -1,000000 -101,000000 0,000000 0,000000
931 1733951318 1,600000 -1,000000 -101,000000 0,000000 0,000000
931 1733951319 1,600000 -1,000000 -101,000000 0,000000 0,000000
931 1733951320 1,600000 -1,000000 -101,000000 0,000000 0,000000
931 1733951321 1,600000 -1,000000 -101,000000 0,000000 0,000000
931 1733951322 1,400000 -1,000000 -101,000000 0,000000 0,000000
931 1733951323 1,400000 -1,000000 -101,000000 0,000000 0,000000
931 1733951324 1,400000 -1,000000 -101,000000 0,000000 0,000000
931 1733951325 1,400000 -1,000000 -101,000000 0,000000 0,000000
931 1733951326 1,400000 -1,000000 -101,000000 0,000000 0,000000
931 1733951327 1,800000 -1,000000 -101,000000 0,000000 0,000000
931 1733951328 1,800000 -1,000000 -101,000000 0,000000 0,000000
931 1733951329 1,800000 -1,000000 -101,000000 0,000000 0,000000
931 1733951330 1,800000 -1,000000 -101,000000 0,000000 0,000000
931 1733951331 1,800000 -1,000000 -101,000000 0,000000 0,000000
931 1733951332 1,200000 -1,000000 -101,000000 0,000000 0,000000
931 1733951333 1,200000 -1,000000 -101,000000 0,000000 0,000000
931 1733951334 1,200000 -1,000000 -101,000000 0,000000 0,000000
931 1733951335 1,200000 -1,000000 -101,000000 0,000000 0,000000
931 1733951336 1,200000 -1,000000 -101,000000 0,000000 0,000000
931 1733951337 0,400000 -1,000000 -101,000000 0,000000 0,000000
931 1733951338 0,400000 -1,000000 -101,000000 0,000000 0,000000
931 1733951339 0,400000 -1,000000 -101,000000 0,000000 0,000000
931 1733951340 0,400000 -1,000000 -101,000000 0,000000 0,000000
931 1733951341 0,400000 -1,000000 -101,000000 0,000000 0,000000
931 1733951342 0,800000 -1,000000 -101,000000 0,000000 0,000000
931 1733951343 0,800000 -1,000000 -101,000000 0,000000 0,000000
931 1733951344 0,800000 -1,000000 -101,000000 0,000000 0,000000
931 1733951345 0,800000 -1,000000 -101,000000 0,000000 0,000000
931 1733951346 0,800000 -1,000000 -101,000000 0,000000 0,000000
931 1733951347 0,800000 -1,000000 -101,000000 0,000000 0,000000
931 1733951348 0,800000 -1,000000 -101,000000 0,000000 0,000000
931 1733951349 0,800000 -1,000000 -101,000000 0,000000 0,000000
931 1733951350 0,800000 -1,000000 -101,000000 0,000000 0,000000
931 1733951351 0,800000 -1,000000 -101,000000 0,000000 0,000000
931 1733951352 2,200000 -1,000000 -101,000000 0,000000 0,000000
931 1733951353 2,200000 -1,000000 -101,000000 0,000000 0,000000
931 1733951354 2,200000 -1,000000 -101,000000 0,000000 0,000000
931 1733951355 2,200000 -1,000000 -101,000000 0,000000 0,000000
931 1733951356 2,200000 -1,000000 -101,000000 0,000000 0,000000
931 1733951357 1,200000 -1,000000 -101,000000 0,000000 0,000000
931 1733951358 1,200000 -1,000000 -101,000000 0,000000 0,000000
931 1733951359 1,200000 -1,000000 -101,000000 0,000000 0,000000
931 1733951360 1,200000 -1,000000 -101,000000 0,000000 0,000000
931 1733951361 1,200000 -1,000000 -101,000000 0,000000 0,000000
931 1733951362 0,800000 -1,000000 -101,000000 0,000000 0,000000
931 1733951363 0,800000 -1,000000 -101,000000 0,000000 0,000000
931 1733951364 0,800000 -1,000000 -101,000000 0,000000 0,000000
931 1733951365 0,800000 -1,000000 -101,000000 0,000000 0,000000
931 1733951366 0,800000 -1,000000 -101,000000 0,000000 0,000000
931 1733951367 0,600000 -1,000000 -101,000000 0,000000 0,000000
931 1733951368 0,600000 -1,000000 -101,000000 0,000000 0,000000
931 1733951369 0,600000 -1,000000 -101,000000 0,000000 0,000000
931 1733951370 0,600000 -1,000000 -101,000000 0,000000 0,000000
931 1733951371 0,600000 -1,000000 -101,000000 0,000000 0,000000
931 1733951372 1,000000 -1,000000 -101,000000 0,000000 0,000000
931 1733951373 1,000000 -1,000000 -101,000000 0,000000 0,000000
931 1733951374 1,000000 -1,000000 -101,000000 0,000000 0,000000
931 1733951375 1,000000 -1,000000 -101,000000 0,000000 0,000000
931 1733951376 1,000000 -1,000000 -101,000000 0,000000 0,000000
931 1733951377 1,000000 -1,000000 -101,000000 0,000000 0,000000
931 1733951378 1,000000 -1,000000 -101,000000 0,000000 0,000000
931 1733951379 1,000000 -1,000000 -101,000000 0,000000 0,000000
931 1733951380 1,000000 -1,000000 -101,000000 0,000000 0,000000
931 1733951381 1,000000 -1,000000 -101,000000 0,000000 0,000000
931 1733951382 1,600000 -1,000000 -101,000000 0,000000 0,000000
931 1733951383 1,600000 -1,000000 -101,000000 0,000000 0,000000
931 1733951384 1,600000 -1,000000 -101,000000 0,000000 0,000000
931 1733951385 1,600000 -1,000000 -101,000000 0,000000 0,000000
931 1733951386 1,600000 -1,000000 -101,000000 0,000000 0,000000
931 1733951387 2,000000 -1,000000 -101,000000 0,000000 0,000000
931 1733951388 2,000000 -1,000000 -101,000000 0,000000 0,000000
931 1733951389 2,000000 -1,000000 -101,000000 0,000000 0,000000
931 1733951390 2,000000 -1,000000 -101,000000 0,000000 0,000000
931 1733951391 2,000000 -1,000000 -101,000000 0,000000 0,000000
931 1733951392 0,600000 -1,000000 -101,000000 0,000000 0,000000
931 1733951393 0,600000 -1,000000 -101,000000 0,000000 0,000000
931 1733951394 0,600000 -1,000000 -101,000000 0,000000 0,000000
931 1733951395 0,600000 -1,000000 -101,000000 0,000000 0,000000
931 1733951396 0,600000 -1,000000 -101,000000 0,000000 0,000000
931 1733951397 0,600000 -1,000000 -101,000000 0,000000 0,000000
931 1733951398 0,600000 -1,000000 -101,000000 0,000000 0,000000
931 1733951399 0,600000 -1,000000 -101,000000 0,000000 0,000000
931 1733951400 0,600000 -1,000000 -101,000000 0,000000 0,000000
931 1733951401 0,600000 -1,000000 -101,000000 0,000000 0,000000
931 1733951402 0,200000 -1,000000 -101,000000 0,000000 0,000000
931 1733951403 0,200000 -1,000000 -101,000000 0,000000 0,000000
931 1733951404 0,200000 -1,000000 -101,000000 0,000000 0,000000
931 1733951405 0,200000 -1,000000 -101,000000 0,000000 0,000000
931 1733951406 0,200000 -1,000000 -101,000000 0,000000 0,000000
931 1733951407 1,800000 -1,000000 -101,000000 0,000000 0,000000
931 1733951408 1,800000 -1,000000 -101,000000 0,000000 0,000000
