951 1733950117 76051,200000 -1,000000 -101,000000 0,000000 0,000000
951 1733950118 76051,200000 -1,000000 -101,000000 0,000000 0,000000
951 1733950119 76051,200000 -1,000000 -101,000000 0,000000 0,000000
951 1733950120 76051,200000 -1,000000 -101,000000 0,000000 0,000000
951 1733950121 76051,200000 -1,000000 -101,000000 0,000000 0,000000
951 1733950122 13667,600000 -1,000000 -101,000000 0,000000 0,000000
951 1733950123 13667,600000 -1,000000 -101,000000 0,000000 0,000000
951 1733950124 13667,600000 -1,000000 -101,000000 0,000000 0,000000
951 1733950125 13667,600000 -1,000000 -101,000000 0,000000 0,000000
951 1733950126 13667,600000 -1,000000 -101,000000 0,000000 0,000000
951 1733950127 25122,000000 -1,000000 -101,000000 0,000000 0,000000
951 1733950128 25122,000000 -1,000000 -101,000000 0,000000 0,000000
951 1733950129 25122,000000 -1,000000 -101,000000 0,000000 0,000000
951 1733950130 25122,000000 -1,000000 -101,000000 0,000000 0,000000
951 1733950131 25122,000000 -1,000000 -101,000000 0,000000 0,000000
951 1733950132 11751,800000 -1,000000 -101,000000 0,000000 0,000000
951 1733950133 11751,800000 -1,000000 -101,000000 0,000000 0,000000
951 1733950134 11751,800000 -1,000000 -101,000000 0,000000 0,000000
951 1733950135 11751,800000 -1,000000 -101,000000 0,000000 0,000000
951 1733950136 11751,800000 -1,000000 -101,000000 0,000000 0,000000
951 1733950137 10217,800000 -1,000000 -101,000000 0,000000 0,000000
951 1733950138 10217,800000 -1,000000 -101,000000 0,000000 0,000000
951 1733950139 10217,800000 -1,000000 -101,000000 0,000000 0,000000
951 1733950140 10217,800000 -1,000000 -101,000000 0,000000 0,000000
951 1733950141 10217,800000 -1,000000 -101,000000 0,000000 0,000000
951 1733950142 5059,800000 -1,000000 -101,000000 0,000000 0,000000
951 1733950143 5059,800000 -1,000000 -101,000000 0,000000 0,000000
951 1733950144 5059,800000 -1,000000 -101,000000 0,000000 0,000000
951 1733950145 5059,800000 -1,000000 -101,000000 0,000000 0,000000
951 1733950146 5059,800000 -1,000000 -101,000000 0,000000 0,000000
951 1733950147 2129,400000 -1,000000 -101,000000 0,000000 0,000000
951 1733950148 2129,400000 -1,000000 -101,000000 0,000000 0,000000
951 1733950149 2129,400000 -1,000000 -101,000000 0,000000 0,000000
951 1733950150 2129,400000 -1,000000 -101,000000 0,000000 0,000000
951 1733950151 2129,400000 -1,000000 -101,000000 0,000000 0,000000
951 1733950152 17544,200000 -1,000000 -101,000000 0,000000 0,000000
951 1733950153 17544,200000 -1,000000 -101,000000 0,000000 0,000000
951 1733950154 17544,200000 -1,000000 -101,000000 0,000000 0,000000
951 1733950155 17544,200000 -1,000000 -101,000000 0,000000 0,000000
951 1733950156 17544,200000 -1,000000 -101,000000 0,000000 0,000000
951 1733950157 2028,200000 -1,000000 -101,000000 0,000000 0,000000
951 1733950158 2028,200000 -1,000000 -101,000000 0,000000 0,000000
951 1733950159 2028,200000 -1,000000 -101,000000 0,000000 0,000000
951 1733950160 2028,200000 -1,000000 -101,000000 0,000000 0,000000
951 1733950161 2028,200000 -1,000000 -101,000000 0,000000 0,000000
951 1733950162 16268,600000 -1,000000 -101,000000 0,000000 0,000000
951 1733950163 16268,600000 -1,000000 -101,000000 0,000000 0,000000
951 1733950164 16268,600000 -1,000000 -101,000000 0,000000 0,000000
951 1733950165 16268,600000 -1,000000 -101,000000 0,000000 0,000000
951 1733950166 16268,600000 -1,000000 -101,000000 0,000000 0,000000
951 1733950167 2080,400000 -1,000000 -101,000000 0,000000 0,000000
951 1733950168 2080,400000 -1,000000 -101,000000 0,000000 0,000000
951 1733950169 2080,400000 -1,000000 -101,000000 0,000000 0,000000
951 1733950170 2080,400000 -1,000000 -101,000000 0,000000 0,000000
951 1733950171 2080,400000 -1,000000 -101,000000 0,000000 0,000000
951 1733950177 32361,000000 -1,000000 -101,000000 0,000000 0,000000
951 1733950178 32361,000000 -1,000000 -101,000000 0,000000 0,000000
951 1733950179 32361,000000 -1,000000 -101,000000 0,000000 0,000000
951 1733950180 32361,000000 -1,000000 -101,000000 0,000000 0,000000
951 1733950181 32361,000000 -1,000000 -101,000000 0,000000 0,000000
951 1733950182 8126,800000 -1,000000 -101,000000 0,000000 0,000000
951 1733950183 8126,800000 -1,000000 -101,000000 0,000000 0,000000
951 1733950184 8126,800000 -1,000000 -101,000000 0,000000 0,000000
951 1733950185 8126,800000 -1,000000 -101,000000 0,000000 0,000000
951 1733950186 8126,800000 -1,000000 -101,000000 0,000000 0,000000
951 1733950187 22807,600000 -1,000000 -101,000000 0,000000 0,000000
951 1733950188 22807,600000 -1,000000 -101,000000 0,000000 0,000000
951 1733950189 22807,600000 -1,000000 -101,000000 0,000000 0,000000
951 1733950190 22807,600000 -1,000000 -101,000000 0,000000 0,000000
951 1733950191 22807,600000 -1,000000 -101,000000 0,000000 0,000000
951 1733950192 22414,400000 -1,000000 -101,000000 0,000000 0,000000
951 1733950193 22414,400000 -1,000000 -101,000000 0,000000 0,000000
951 1733950194 22414,400000 -1,000000 -101,000000 0,000000 0,000000
951 1733950195 22414,400000 -1,000000 -101,000000 0,000000 0,000000
951 1733950196 22414,400000 -1,000000 -101,000000 0,000000 0,000000
951 1733950197 13858,600000 -1,000000 -101,000000 0,000000 0,000000
951 1733950198 13858,600000 -1,000000 -101,000000 0,000000 0,000000
951 1733950199 13858,600000 -1,000000 -101,000000 0,000000 0,000000
951 1733950200 13858,600000 -1,000000 -101,000000 0,000000 0,000000
951 1733950201 13858,600000 -1,000000 -101,000000 0,000000 0,000000
951 1733950202 2502,600000 -1,000000 -101,000000 0,000000 0,000000
951 1733950203 2502,600000 -1,000000 -101,000000 0,000000 0,000000
951 1733950204 2502,600000 -1,000000 -101,000000 0,000000 0,000000
951 1733950205 2502,600000 -1,000000 -101,000000 0,000000 0,000000
951 1733950206 2502,600000 -1,000000 -101,000000 0,000000 0,000000
951 1733950207 1330,000000 -1,000000 -101,000000 0,000000 0,000000
951 1733950208 1330,000000 -1,000000 -101,000000 0,000000 0,000000
951 1733950209 1330,000000 -1,000000 -101,000000 0,000000 0,000000
951 1733950210 1330,000000 -1,000000 -101,000000 0,000000 0,000000
951 1733950211 1330,000000 -1,000000 -101,000000 0,000000 0,000000
951 1733950212 15826,600000 -1,000000 -101,000000 0,000000 0,000000
951 1733950213 15826,600000 -1,000000 -101,000000 0,000000 0,000000
951 1733950214 15826,600000 -1,000000 -101,000000 0,000000 0,000000
951 1733950215 15826,600000 -1,000000 -101,000000 0,000000 0,000000
951 1733950216 15826,600000 -1,000000 -101,000000 0,000000 0,000000
951 1733950217 7254,800000 -1,000000 -101,000000 0,000000 0,000000
951 1733950218 7254,800000 -1,000000 -101,000000 0,000000 0,000000
951 1733950219 7254,800000 -1,000000 -101,000000 0,000000 0,000000
951 1733950220 7254,800000 -1,000000 -101,000000 0,000000 0,000000
951 1733950221 7254,800000 -1,000000 -101,000000 0,000000 0,000000
951 1733950222 15916,400000 -1,000000 -101,000000 0,000000 0,000000
951 1733950223 15916,400000 -1,000000 -101,000000 0,000000 0,000000
951 1733950224 15916,400000 -1,000000 -101,000000 0,000000 0,000000
951 1733950225 15916,400000 -1,000000 -101,000000 0,000000 0,000000
951 1733950226 15916,400000 -1,000000 -101,000000 0,000000 0,000000
951 1733950227 12226,400000 -1,000000 -101,000000 0,000000 0,000000
951 1733950228 12226,400000 -1,000000 -101,000000 0,000000 0,000000
951 1733950229 12226,400000 -1,000000 -101,000000 0,000000 0,000000
951 1733950230 12226,400000 -1,000000 -101,000000 0,000000 0,000000
951 1733950231 12226,400000 -1,000000 -101,000000 0,000000 0,000000
951 1733950232 2887,000000 -1,000000 -101,000000 0,000000 0,000000
951 1733950233 2887,000000 -1,000000 -101,000000 0,000000 0,000000
951 1733950234 2887,000000 -1,000000 -101,000000 0,000000 0,000000
951 1733950235 2887,000000 -1,000000 -101,000000 0,000000 0,000000
951 1733950236 2887,000000 -1,000000 -101,000000 0,000000 0,000000
951 1733950237 30838,000000 -1,000000 -101,000000 0,000000 0,000000
951 1733950238 30838,000000 -1,000000 -101,000000 0,000000 0,000000
951 1733950239 30838,000000 -1,000000 -101,000000 0,000000 0,000000
951 1733950240 30838,000000 -1,000000 -101,000000 0,000000 0,000000
951 1733950241 30838,000000 -1,000000 -101,000000 0,000000 0,000000
951 1733950242 3356,000000 -1,000000 -101,000000 0,000000 0,000000
951 1733950243 3356,000000 -1,000000 -101,000000 0,000000 0,000000
951 1733950244 3356,000000 -1,000000 -101,000000 0,000000 0,000000
951 1733950245 3356,000000 -1,000000 -101,000000 0,000000 0,000000
951 1733950246 3356,000000 -1,000000 -101,000000 0,000000 0,000000
951 1733950247 5100,600000 -1,000000 -101,000000 0,000000 0,000000
951 1733950248 5100,600000 -1,000000 -101,000000 0,000000 0,000000
951 1733950249 5100,600000 -1,000000 -101,000000 0,000000 0,000000
951 1733950250 5100,600000 -1,000000 -101,000000 0,000000 0,000000
951 1733950251 5100,600000 -1,000000 -101,000000 0,000000 0,000000
951 1733950252 2959,200000 -1,000000 -101,000000 0,000000 0,000000
951 1733950253 2959,200000 -1,000000 -101,000000 0,000000 0,000000
951 1733950254 2959,200000 -1,000000 -101,000000 0,000000 0,000000
951 1733950255 2959,200000 -1,000000 -101,000000 0,000000 0,000000
951 1733950256 2959,200000 -1,000000 -101,000000 0,000000 0,000000
951 1733950257 1703,800000 -1,000000 -101,000000 0,000000 0,000000
951 1733950258 1703,800000 -1,000000 -101,000000 0,000000 0,000000
951 1733950259 1703,800000 -1,000000 -101,000000 0,000000 0,000000
951 1733950260 1703,800000 -1,000000 -101,000000 0,000000 0,000000
951 1733950261 1703,800000 -1,000000 -101,000000 0,000000 0,000000
951 1733950262 25944,200000 -1,000000 -101,000000 0,000000 0,000000
951 1733950263 25944,200000 -1,000000 -101,000000 0,000000 0,000000
951 1733950264 25944,200000 -1,000000 -101,000000 0,000000 0,000000
951 1733950265 25944,200000 -1,000000 -101,000000 0,000000 0,000000
951 1733950266 25944,200000 -1,000000 -101,000000 0,000000 0,000000
951 1733950267 29179,200000 -1,000000 -101,000000 0,000000 0,000000
951 1733950268 29179,200000 -1,000000 -101,000000 0,000000 0,000000
951 1733950269 29179,200000 -1,000000 -101,000000 0,000000 0,000000
951 1733950270 29179,200000 -1,000000 -101,000000 0,000000 0,000000
951 1733950271 29179,200000 -1,000000 -101,000000 0,000000 0,000000
951 1733950272 18147,800000 -1,000000 -101,000000 0,000000 0,000000
951 1733950273 18147,800000 -1,000000 -101,000000 0,000000 0,000000
951 1733950274 18147,800000 -1,000000 -101,000000 0,000000 0,000000
951 1733950275 18147,800000 -1,000000 -101,000000 0,000000 0,000000
951 1733950276 18147,800000 -1,000000 -101,000000 0,000000 0,000000
951 1733950277 11808,200000 -1,000000 -101,000000 0,000000 0,000000
951 1733950278 11808,200000 -1,000000 -101,000000 0,000000 0,000000
951 1733950279 11808,200000 -1,000000 -101,000000 0,000000 0,000000
951 1733950280 11808,200000 -1,000000 -101,000000 0,000000 0,000000
951 1733950281 11808,200000 -1,000000 -101,000000 0,000000 0,000000
951 1733950282 8013,200000 -1,000000 -101,000000 0,000000 0,000000
951 1733950283 8013,200000 -1,000000 -101,000000 0,000000 0,000000
951 1733950284 8013,200000 -1,000000 -101,000000 0,000000 0,000000
951 1733950285 8013,200000 -1,000000 -101,000000 0,000000 0,000000
951 1733950286 8013,200000 -1,000000 -101,000000 0,000000 0,000000
951 1733950287 1379,800000 -1,000000 -101,000000 0,000000 0,000000
951 1733950288 1379,800000 -1,000000 -101,000000 0,000000 0,000000
951 1733950289 1379,800000 -1,000000 -101,000000 0,000000 0,000000
951 1733950290 1379,800000 -1,000000 -101,000000 0,000000 0,000000
951 1733950291 1379,800000 -1,000000 -101,000000 0,000000 0,000000
951 1733950292 2068,800000 -1,000000 -101,000000 0,000000 0,000000
951 1733950293 2068,800000 -1,000000 -101,000000 0,000000 0,000000
951 1733950294 2068,800000 -1,000000 -101,000000 0,000000 0,000000
951 1733950295 2068,800000 -1,000000 -101,000000 0,000000 0,000000
951 1733950296 2068,800000 -1,000000 -101,000000 0,000000 0,000000
951 1733950297 35342,400000 -1,000000 -101,000000 0,000000 0,000000
951 1733950298 35342,400000 -1,000000 -101,000000 0,000000 0,000000
951 1733950299 35342,400000 -1,000000 -101,000000 0,000000 0,000000
951 1733950300 35342,400000 -1,000000 -101,000000 0,000000 0,000000
951 1733950301 35342,400000 -1,000000 -101,000000 0,000000 0,000000
951 1733950302 11285,200000 -1,000000 -101,000000 0,000000 0,000000
951 1733950303 11285,200000 -1,000000 -101,000000 0,000000 0,000000
951 1733950304 11285,200000 -1,000000 -101,000000 0,000000 0,000000
951 1733950305 11285,200000 -1,000000 -101,000000 0,000000 0,000000
951 1733950306 11285,200000 -1,000000 -101,000000 0,000000 0,000000
951 1733950307 18964,200000 -1,000000 -101,000000 0,000000 0,000000
951 1733950308 18964,200000 -1,000000 -101,000000 0,000000 0,000000
951 1733950309 18964,200000 -1,000000 -101,000000 0,000000 0,000000
951 1733950310 18964,200000 -1,000000 -101,000000 0,000000 0,000000
951 1733950311 18964,200000 -1,000000 -101,000000 0,000000 0,000000
951 1733950312 5042,200000 -1,000000 -101,000000 0,000000 0,000000
951 1733950313 5042,200000 -1,000000 -101,000000 0,000000 0,000000
951 1733950314 5042,200000 -1,000000 -101,000000 0,000000 0,000000
951 1733950315 5042,200000 -1,000000 -101,000000 0,000000 0,000000
951 1733950316 5042,200000 -1,000000 -101,000000 0,000000 0,000000
951 1733950317 7411,400000 -1,000000 -101,000000 0,000000 0,000000
951 1733950318 7411,400000 -1,000000 -101,000000 0,000000 0,000000
951 1733950319 7411,400000 -1,000000 -101,000000 0,000000 0,000000
951 1733950320 7411,400000 -1,000000 -101,000000 0,000000 0,000000
951 1733950321 7411,400000 -1,000000 -101,000000 0,000000 0,000000
951 1733950322 4858,600000 -1,000000 -101,000000 0,000000 0,000000
951 1733950323 4858,600000 -1,000000 -101,000000 0,000000 0,000000
951 1733950324 4858,600000 -1,000000 -101,000000 0,000000 0,000000
951 1733950325 4858,600000 -1,000000 -101,000000 0,000000 0,000000
951 1733950326 4858,600000 -1,000000 -101,000000 0,000000 0,000000
951 1733950332 10767,600000 -1,000000 -101,000000 0,000000 0,000000
951 1733950333 10767,600000 -1,000000 -101,000000 0,000000 0,000000
951 1733950334 10767,600000 -1,000000 -101,000000 0,000000 0,000000
951 1733950335 10767,600000 -1,000000 -101,000000 0,000000 0,000000
951 1733950336 10767,600000 -1,000000 -101,000000 0,000000 0,000000
951 1733950337 10478,800000 -1,000000 -101,000000 0,000000 0,000000
951 1733950338 10478,800000 -1,000000 -101,000000 0,000000 0,000000
951 1733950339 10478,800000 -1,000000 -101,000000 0,000000 0,000000
951 1733950340 10478,800000 -1,000000 -101,000000 0,000000 0,000000
951 1733950341 10478,800000 -1,000000 -101,000000 0,000000 0,000000
951 1733950342 14337,000000 -1,000000 -101,000000 0,000000 0,000000
951 1733950343 14337,000000 -1,000000 -101,000000 0,000000 0,000000
951 1733950344 14337,000000 -1,000000 -101,000000 0,000000 0,000000
951 1733950345 14337,000000 -1,000000 -101,000000 0,000000 0,000000
951 1733950346 14337,000000 -1,000000 -101,000000 0,000000 0,000000
951 1733950347 11170,200000 -1,000000 -101,000000 0,000000 0,000000
951 1733950348 11170,200000 -1,000000 -101,000000 0,000000 0,000000
951 1733950349 11170,200000 -1,000000 -101,000000 0,000000 0,000000
951 1733950350 11170,200000 -1,000000 -101,000000 0,000000 0,000000
951 1733950351 11170,200000 -1,000000 -101,000000 0,000000 0,000000
951 1733950352 6540,000000 -1,000000 -101,000000 0,000000 0,000000
951 1733950353 6540,000000 -1,000000 -101,000000 0,000000 0,000000
951 1733950354 6540,000000 -1,000000 -101,000000 0,000000 0,000000
951 1733950355 6540,000000 -1,000000 -101,000000 0,000000 0,000000
951 1733950356 6540,000000 -1,000000 -101,000000 0,000000 0,000000
951 1733950357 39555,000000 -1,000000 -101,000000 0,000000 0,000000
951 1733950358 39555,000000 -1,000000 -101,000000 0,000000 0,000000
951 1733950359 39555,000000 -1,000000 -101,000000 0,000000 0,000000
951 1733950360 39555,000000 -1,000000 -101,000000 0,000000 0,000000
951 1733950361 39555,000000 -1,000000 -101,000000 0,000000 0,000000
951 1733950362 5206,000000 -1,000000 -101,000000 0,000000 0,000000
951 1733950363 5206,000000 -1,000000 -101,000000 0,000000 0,000000
951 1733950364 5206,000000 -1,000000 -101,000000 0,000000 0,000000
951 1733950365 5206,000000 -1,000000 -101,000000 0,000000 0,000000
951 1733950366 5206,000000 -1,000000 -101,000000 0,000000 0,000000
951 1733950367 18685,200000 -1,000000 -101,000000 0,000000 0,000000
951 1733950368 18685,200000 -1,000000 -101,000000 0,000000 0,000000
951 1733950369 18685,200000 -1,000000 -101,000000 0,000000 0,000000
951 1733950370 18685,200000 -1,000000 -101,000000 0,000000 0,000000
951 1733950371 18685,200000 -1,000000 -101,000000 0,000000 0,000000
951 1733950372 15697,400000 -1,000000 -101,000000 0,000000 0,000000
951 1733950373 15697,400000 -1,000000 -101,000000 0,000000 0,000000
951 1733950374 15697,400000 -1,000000 -101,000000 0,000000 0,000000
951 1733950375 15697,400000 -1,000000 -101,000000 0,000000 0,000000
951 1733950376 15697,400000 -1,000000 -101,000000 0,000000 0,000000
951 1733950377 8883,200000 -1,000000 -101,000000 0,000000 0,000000
951 1733950378 8883,200000 -1,000000 -101,000000 0,000000 0,000000
951 1733950379 8883,200000 -1,000000 -101,000000 0,000000 0,000000
951 1733950380 8883,200000 -1,000000 -101,000000 0,000000 0,000000
951 1733950381 8883,200000 -1,000000 -101,000000 0,000000 0,000000
951 1733950382 589,400000 -1,000000 -101,000000 0,000000 0,000000
951 1733950383 589,400000 -1,000000 -101,000000 0,000000 0,000000
951 1733950384 589,400000 -1,000000 -101,000000 0,000000 0,000000
951 1733950385 589,400000 -1,000000 -101,000000 0,000000 0,000000
951 1733950386 589,400000 -1,000000 -101,000000 0,000000 0,000000
951 1733950387 805,200000 -1,000000 -101,000000 0,000000 0,000000
951 1733950388 805,200000 -1,000000 -101,000000 0,000000 0,000000
951 1733950389 805,200000 -1,000000 -101,000000 0,000000 0,000000
951 1733950390 805,200000 -1,000000 -101,000000 0,000000 0,000000
951 1733950391 805,200000 -1,000000 -101,000000 0,000000 0,000000
951 1733950392 754,000000 -1,000000 -101,000000 0,000000 0,000000
951 1733950393 754,000000 -1,000000 -101,000000 0,000000 0,000000
951 1733950394 754,000000 -1,000000 -101,000000 0,000000 0,000000
951 1733950395 754,000000 -1,000000 -101,000000 0,000000 0,000000
951 1733950396 754,000000 -1,000000 -101,000000 0,000000 0,000000
951 1733950397 1512,600000 -1,000000 -101,000000 0,000000 0,000000
951 1733950398 1512,600000 -1,000000 -101,000000 0,000000 0,000000
951 1733950399 1512,600000 -1,000000 -101,000000 0,000000 0,000000
951 1733950400 1512,600000 -1,000000 -101,000000 0,000000 0,000000
951 1733950401 1512,600000 -1,000000 -101,000000 0,000000 0,000000
951 1733950402 16899,800000 -1,000000 -101,000000 0,000000 0,000000
951 1733950403 16899,800000 -1,000000 -101,000000 0,000000 0,000000
951 1733950404 16899,800000 -1,000000 -101,000000 0,000000 0,000000
951 1733950405 16899,800000 -1,000000 -101,000000 0,000000 0,000000
951 1733950406 16899,800000 -1,000000 -101,000000 0,000000 0,000000
951 1733950407 9728,000000 -1,000000 -101,000000 0,000000 0,000000
951 1733950408 9728,000000 -1,000000 -101,000000 0,000000 0,000000
951 1733950409 9728,000000 -1,000000 -101,000000 0,000000 0,000000
951 1733950410 9728,000000 -1,000000 -101,000000 0,000000 0,000000
951 1733950411 9728,000000 -1,000000 -101,000000 0,000000 0,000000
951 1733950412 2551,000000 -1,000000 -101,000000 0,000000 0,000000
951 1733950413 2551,000000 -1,000000 -101,000000 0,000000 0,000000
951 1733950414 2551,000000 -1,000000 -101,000000 0,000000 0,000000
951 1733950415 2551,000000 -1,000000 -101,000000 0,000000 0,000000
951 1733950416 2551,000000 -1,000000 -101,000000 0,000000 0,000000
951 1733950417 43848,400000 -1,000000 -101,000000 0,000000 0,000000
951 1733950418 43848,400000 -1,000000 -101,000000 0,000000 0,000000
951 1733950419 43848,400000 -1,000000 -101,000000 0,000000 0,000000
951 1733950420 43848,400000 -1,000000 -101,000000 0,000000 0,000000
951 1733950421 43848,400000 -1,000000 -101,000000 0,000000 0,000000
951 1733950422 23957,000000 -1,000000 -101,000000 0,000000 0,000000
951 1733950423 23957,000000 -1,000000 -101,000000 0,000000 0,000000
951 1733950424 23957,000000 -1,000000 -101,000000 0,000000 0,000000
951 1733950425 23957,000000 -1,000000 -101,000000 0,000000 0,000000
951 1733950426 23957,000000 -1,000000 -101,000000 0,000000 0,000000
951 1733950427 13194,200000 -1,000000 -101,000000 0,000000 0,000000
951 1733950428 13194,200000 -1,000000 -101,000000 0,000000 0,000000
951 1733950429 13194,200000 -1,000000 -101,000000 0,000000 0,000000
951 1733950430 13194,200000 -1,000000 -101,000000 0,000000 0,000000
951 1733950431 13194,200000 -1,000000 -101,000000 0,000000 0,000000
951 1733950432 10842,000000 -1,000000 -101,000000 0,000000 0,000000
951 1733950433 10842,000000 -1,000000 -101,000000 0,000000 0,000000
951 1733950434 10842,000000 -1,000000 -101,000000 0,000000 0,000000
951 1733950435 10842,000000 -1,000000 -101,000000 0,000000 0,000000
951 1733950436 10842,000000 -1,000000 -101,000000 0,000000 0,000000
951 1733950437 3887,200000 -1,000000 -101,000000 0,000000 0,000000
951 1733950438 3887,200000 -1,000000 -101,000000 0,000000 0,000000
951 1733950439 3887,200000 -1,000000 -101,000000 0,000000 0,000000
951 1733950440 3887,200000 -1,000000 -101,000000 0,000000 0,000000
951 1733950441 3887,200000 -1,000000 -101,000000 0,000000 0,000000
951 1733950442 9563,000000 -1,000000 -101,000000 0,000000 0,000000
951 1733950443 9563,000000 -1,000000 -101,000000 0,000000 0,000000
951 1733950444 9563,000000 -1,000000 -101,000000 0,000000 0,000000
951 1733950445 9563,000000 -1,000000 -101,000000 0,000000 0,000000
951 1733950446 9563,000000 -1,000000 -101,000000 0,000000 0,000000
951 1733950447 9779,000000 -1,000000 -101,000000 0,000000 0,000000
951 1733950448 9779,000000 -1,000000 -101,000000 0,000000 0,000000
951 1733950449 9779,000000 -1,000000 -101,000000 0,000000 0,000000
951 1733950450 9779,000000 -1,000000 -101,000000 0,000000 0,000000
951 1733950451 9779,000000 -1,000000 -101,000000 0,000000 0,000000
951 1733950452 15896,600000 -1,000000 -101,000000 0,000000 0,000000
951 1733950453 15896,600000 -1,000000 -101,000000 0,000000 0,000000
951 1733950454 15896,600000 -1,000000 -101,000000 0,000000 0,000000
951 1733950455 15896,600000 -1,000000 -101,000000 0,000000 0,000000
951 1733950456 15896,600000 -1,000000 -101,000000 0,000000 0,000000
951 1733950457 2835,800000 -1,000000 -101,000000 0,000000 0,000000
951 1733950458 2835,800000 -1,000000 -101,000000 0,000000 0,000000
951 1733950459 2835,800000 -1,000000 -101,000000 0,000000 0,000000
951 1733950460 2835,800000 -1,000000 -101,000000 0,000000 0,000000
951 1733950461 2835,800000 -1,000000 -101,000000 0,000000 0,000000
951 1733950462 3957,600000 -1,000000 -101,000000 0,000000 0,000000
951 1733950463 3957,600000 -1,000000 -101,000000 0,000000 0,000000
951 1733950464 3957,600000 -1,000000 -101,000000 0,000000 0,000000
951 1733950465 3957,600000 -1,000000 -101,000000 0,000000 0,000000
951 1733950466 3957,600000 -1,000000 -101,000000 0,000000 0,000000
951 1733950467 2522,200000 -1,000000 -101,000000 0,000000 0,000000
951 1733950468 2522,200000 -1,000000 -101,000000 0,000000 0,000000
951 1733950469 2522,200000 -1,000000 -101,000000 0,000000 0,000000
951 1733950470 2522,200000 -1,000000 -101,000000 0,000000 0,000000
951 1733950471 2522,200000 -1,000000 -101,000000 0,000000 0,000000
951 1733950472 805,800000 -1,000000 -101,000000 0,000000 0,000000
951 1733950473 805,800000 -1,000000 -101,000000 0,000000 0,000000
951 1733950474 805,800000 -1,000000 -101,000000 0,000000 0,000000
951 1733950475 805,800000 -1,000000 -101,000000 0,000000 0,000000
951 1733950476 805,800000 -1,000000 -101,000000 0,000000 0,000000
951 1733950477 33799,200000 -1,000000 -101,000000 0,000000 0,000000
951 1733950478 33799,200000 -1,000000 -101,000000 0,000000 0,000000
951 1733950479 33799,200000 -1,000000 -101,000000 0,000000 0,000000
951 1733950480 33799,200000 -1,000000 -101,000000 0,000000 0,000000
951 1733950481 33799,200000 -1,000000 -101,000000 0,000000 0,000000
951 1733950482 12278,200000 -1,000000 -101,000000 0,000000 0,000000
951 1733950483 12278,200000 -1,000000 -101,000000 0,000000 0,000000
951 1733950484 12278,200000 -1,000000 -101,000000 0,000000 0,000000
951 1733950485 12278,200000 -1,000000 -101,000000 0,000000 0,000000
951 1733950486 12278,200000 -1,000000 -101,000000 0,000000 0,000000
951 1733950487 14910,200000 -1,000000 -101,000000 0,000000 0,000000
951 1733950488 14910,200000 -1,000000 -101,000000 0,000000 0,000000
951 1733950489 14910,200000 -1,000000 -101,000000 0,000000 0,000000
951 1733950490 14910,200000 -1,000000 -101,000000 0,000000 0,000000
951 1733950491 14910,200000 -1,000000 -101,000000 0,000000 0,000000
951 1733950492 5672,000000 -1,000000 -101,000000 0,000000 0,000000
951 1733950493 5672,000000 -1,000000 -101,000000 0,000000 0,000000
951 1733950494 5672,000000 -1,000000 -101,000000 0,000000 0,000000
951 1733950495 5672,000000 -1,000000 -101,000000 0,000000 0,000000
951 1733950496 5672,000000 -1,000000 -101,000000 0,000000 0,000000
951 1733950497 19123,000000 -1,000000 -101,000000 0,000000 0,000000
951 1733950498 19123,000000 -1,000000 -101,000000 0,000000 0,000000
951 1733950499 19123,000000 -1,000000 -101,000000 0,000000 0,000000
951 1733950500 19123,000000 -1,000000 -101,000000 0,000000 0,000000
951 1733950501 19123,000000 -1,000000 -101,000000 0,000000 0,000000
951 1733950502 19934,400000 -1,000000 -101,000000 0,000000 0,000000
951 1733950503 19934,400000 -1,000000 -101,000000 0,000000 0,000000
951 1733950504 19934,400000 -1,000000 -101,000000 0,000000 0,000000
951 1733950505 19934,400000 -1,000000 -101,000000 0,000000 0,000000
951 1733950506 19934,400000 -1,000000 -101,000000 0,000000 0,000000
951 1733950507 2655,400000 -1,000000 -101,000000 0,000000 0,000000
951 1733950508 2655,400000 -1,000000 -101,000000 0,000000 0,000000
951 1733950509 2655,400000 -1,000000 -101,000000 0,000000 0,000000
951 1733950510 2655,400000 -1,000000 -101,000000 0,000000 0,000000
951 1733950511 2655,400000 -1,000000 -101,000000 0,000000 0,000000
951 1733950512 14000,600000 -1,000000 -101,000000 0,000000 0,000000
951 1733950513 14000,600000 -1,000000 -101,000000 0,000000 0,000000
951 1733950514 14000,600000 -1,000000 -101,000000 0,000000 0,000000
951 1733950515 14000,600000 -1,000000 -101,000000 0,000000 0,000000
951 1733950516 14000,600000 -1,000000 -101,000000 0,000000 0,000000
951 1733950517 8437,200000 -1,000000 -101,000000 0,000000 0,000000
951 1733950518 8437,200000 -1,000000 -101,000000 0,000000 0,000000
951 1733950519 8437,200000 -1,000000 -101,000000 0,000000 0,000000
951 1733950520 8437,200000 -1,000000 -101,000000 0,000000 0,000000
951 1733950521 8437,200000 -1,000000 -101,000000 0,000000 0,000000
951 1733950522 11340,400000 -1,000000 -101,000000 0,000000 0,000000
951 1733950523 11340,400000 -1,000000 -101,000000 0,000000 0,000000
951 1733950524 11340,400000 -1,000000 -101,000000 0,000000 0,000000
951 1733950525 11340,400000 -1,000000 -101,000000 0,000000 0,000000
951 1733950526 11340,400000 -1,000000 -101,000000 0,000000 0,000000
951 1733950527 3220,800000 -1,000000 -101,000000 0,000000 0,000000
951 1733950528 3220,800000 -1,000000 -101,000000 0,000000 0,000000
951 1733950529 3220,800000 -1,000000 -101,000000 0,000000 0,000000
951 1733950530 3220,800000 -1,000000 -101,000000 0,000000 0,000000
951 1733950531 3220,800000 -1,000000 -101,000000 0,000000 0,000000
951 1733950537 25348,800000 -1,000000 -101,000000 0,000000 0,000000
951 1733950538 25348,800000 -1,000000 -101,000000 0,000000 0,000000
951 1733950539 25348,800000 -1,000000 -101,000000 0,000000 0,000000
951 1733950540 25348,800000 -1,000000 -101,000000 0,000000 0,000000
951 1733950541 25348,800000 -1,000000 -101,000000 0,000000 0,000000
951 1733950542 2550,800000 -1,000000 -101,000000 0,000000 0,000000
951 1733950543 2550,800000 -1,000000 -101,000000 0,000000 0,000000
951 1733950544 2550,800000 -1,000000 -101,000000 0,000000 0,000000
951 1733950545 2550,800000 -1,000000 -101,000000 0,000000 0,000000
951 1733950546 2550,800000 -1,000000 -101,000000 0,000000 0,000000
951 1733950547 22000,600000 -1,000000 -101,000000 0,000000 0,000000
951 1733950548 22000,600000 -1,000000 -101,000000 0,000000 0,000000
951 1733950549 22000,600000 -1,000000 -101,000000 0,000000 0,000000
951 1733950550 22000,600000 -1,000000 -101,000000 0,000000 0,000000
951 1733950551 22000,600000 -1,000000 -101,000000 0,000000 0,000000
951 1733950552 13958,200000 -1,000000 -101,000000 0,000000 0,000000
951 1733950553 13958,200000 -1,000000 -101,000000 0,000000 0,000000
951 1733950554 13958,200000 -1,000000 -101,000000 0,000000 0,000000
951 1733950555 13958,200000 -1,000000 -101,000000 0,000000 0,000000
951 1733950556 13958,200000 -1,000000 -101,000000 0,000000 0,000000
951 1733950557 11811,000000 -1,000000 -101,000000 0,000000 0,000000
951 1733950558 11811,000000 -1,000000 -101,000000 0,000000 0,000000
951 1733950559 11811,000000 -1,000000 -101,000000 0,000000 0,000000
951 1733950560 11811,000000 -1,000000 -101,000000 0,000000 0,000000
951 1733950561 11811,000000 -1,000000 -101,000000 0,000000 0,000000
951 1733950562 1865,600000 -1,000000 -101,000000 0,000000 0,000000
951 1733950563 1865,600000 -1,000000 -101,000000 0,000000 0,000000
951 1733950564 1865,600000 -1,000000 -101,000000 0,000000 0,000000
951 1733950565 1865,600000 -1,000000 -101,000000 0,000000 0,000000
951 1733950566 1865,600000 -1,000000 -101,000000 0,000000 0,000000
951 1733950567 4810,800000 -1,000000 -101,000000 0,000000 0,000000
951 1733950568 4810,800000 -1,000000 -101,000000 0,000000 0,000000
951 1733950569 4810,800000 -1,000000 -101,000000 0,000000 0,000000
951 1733950570 4810,800000 -1,000000 -101,000000 0,000000 0,000000
951 1733950571 4810,800000 -1,000000 -101,000000 0,000000 0,000000
951 1733950572 27431,600000 -1,000000 -101,000000 0,000000 0,000000
951 1733950573 27431,600000 -1,000000 -101,000000 0,000000 0,000000
951 1733950574 27431,600000 -1,000000 -101,000000 0,000000 0,000000
951 1733950575 27431,600000 -1,000000 -101,000000 0,000000 0,000000
951 1733950576 27431,600000 -1,000000 -101,000000 0,000000 0,000000
951 1733950577 13675,000000 -1,000000 -101,000000 0,000000 0,000000
951 1733950578 13675,000000 -1,000000 -101,000000 0,000000 0,000000
951 1733950579 13675,000000 -1,000000 -101,000000 0,000000 0,000000
951 1733950580 13675,000000 -1,000000 -101,000000 0,000000 0,000000
951 1733950581 13675,000000 -1,000000 -101,000000 0,000000 0,000000
951 1733950582 11742,400000 -1,000000 -101,000000 0,000000 0,000000
951 1733950583 11742,400000 -1,000000 -101,000000 0,000000 0,000000
951 1733950584 11742,400000 -1,000000 -101,000000 0,000000 0,000000
951 1733950585 11742,400000 -1,000000 -101,000000 0,000000 0,000000
951 1733950586 11742,400000 -1,000000 -101,000000 0,000000 0,000000
951 1733950587 1327,400000 -1,000000 -101,000000 0,000000 0,000000
951 1733950588 1327,400000 -1,000000 -101,000000 0,000000 0,000000
951 1733950589 1327,400000 -1,000000 -101,000000 0,000000 0,000000
951 1733950590 1327,400000 -1,000000 -101,000000 0,000000 0,000000
951 1733950591 1327,400000 -1,000000 -101,000000 0,000000 0,000000
951 1733950592 5590,200000 -1,000000 -101,000000 0,000000 0,000000
951 1733950593 5590,200000 -1,000000 -101,000000 0,000000 0,000000
951 1733950594 5590,200000 -1,000000 -101,000000 0,000000 0,000000
951 1733950595 5590,200000 -1,000000 -101,000000 0,000000 0,000000
951 1733950596 5590,200000 -1,000000 -101,000000 0,000000 0,000000
951 1733950597 43619,800000 -1,000000 -101,000000 0,000000 0,000000
951 1733950598 43619,800000 -1,000000 -101,000000 0,000000 0,000000
951 1733950599 43619,800000 -1,000000 -101,000000 0,000000 0,000000
951 1733950600 43619,800000 -1,000000 -101,000000 0,000000 0,000000
951 1733950601 43619,800000 -1,000000 -101,000000 0,000000 0,000000
951 1733950602 5435,600000 -1,000000 -101,000000 0,000000 0,000000
951 1733950603 5435,600000 -1,000000 -101,000000 0,000000 0,000000
951 1733950604 5435,600000 -1,000000 -101,000000 0,000000 0,000000
951 1733950605 5435,600000 -1,000000 -101,000000 0,000000 0,000000
951 1733950606 5435,600000 -1,000000 -101,000000 0,000000 0,000000
951 1733950607 14436,800000 -1,000000 -101,000000 0,000000 0,000000
951 1733950608 14436,800000 -1,000000 -101,000000 0,000000 0,000000
951 1733950609 14436,800000 -1,000000 -101,000000 0,000000 0,000000
951 1733950610 14436,800000 -1,000000 -101,000000 0,000000 0,000000
951 1733950611 14436,800000 -1,000000 -101,000000 0,000000 0,000000
951 1733950612 10052,800000 -1,000000 -101,000000 0,000000 0,000000
951 1733950613 10052,800000 -1,000000 -101,000000 0,000000 0,000000
951 1733950614 10052,800000 -1,000000 -101,000000 0,000000 0,000000
951 1733950615 10052,800000 -1,000000 -101,000000 0,000000 0,000000
951 1733950616 10052,800000 -1,000000 -101,000000 0,000000 0,000000
951 1733950617 2507,800000 -1,000000 -101,000000 0,000000 0,000000
951 1733950618 2507,800000 -1,000000 -101,000000 0,000000 0,000000
951 1733950619 2507,800000 -1,000000 -101,000000 0,000000 0,000000
951 1733950620 2507,800000 -1,000000 -101,000000 0,000000 0,000000
951 1733950621 2507,800000 -1,000000 -101,000000 0,000000 0,000000
951 1733950622 9039,600000 -1,000000 -101,000000 0,000000 0,000000
951 1733950623 9039,600000 -1,000000 -101,000000 0,000000 0,000000
951 1733950624 9039,600000 -1,000000 -101,000000 0,000000 0,000000
951 1733950625 9039,600000 -1,000000 -101,000000 0,000000 0,000000
951 1733950626 9039,600000 -1,000000 -101,000000 0,000000 0,000000
951 1733950627 9726,600000 -1,000000 -101,000000 0,000000 0,000000
951 1733950628 9726,600000 -1,000000 -101,000000 0,000000 0,000000
951 1733950629 9726,600000 -1,000000 -101,000000 0,000000 0,000000
951 1733950630 9726,600000 -1,000000 -101,000000 0,000000 0,000000
951 1733950631 9726,600000 -1,000000 -101,000000 0,000000 0,000000
951 1733950632 8171,200000 -1,000000 -101,000000 0,000000 0,000000
951 1733950633 8171,200000 -1,000000 -101,000000 0,000000 0,000000
951 1733950634 8171,200000 -1,000000 -101,000000 0,000000 0,000000
951 1733950635 8171,200000 -1,000000 -101,000000 0,000000 0,000000
951 1733950636 8171,200000 -1,000000 -101,000000 0,000000 0,000000
951 1733950637 4226,800000 -1,000000 -101,000000 0,000000 0,000000
951 1733950638 4226,800000 -1,000000 -101,000000 0,000000 0,000000
951 1733950639 4226,800000 -1,000000 -101,000000 0,000000 0,000000
951 1733950640 4226,800000 -1,000000 -101,000000 0,000000 0,000000
951 1733950641 4226,800000 -1,000000 -101,000000 0,000000 0,000000
951 1733950642 8970,400000 -1,000000 -101,000000 0,000000 0,000000
951 1733950643 8970,400000 -1,000000 -101,000000 0,000000 0,000000
951 1733950644 8970,400000 -1,000000 -101,000000 0,000000 0,000000
951 1733950706 20074,600000 -1,000000 20074,600000 20074,600000 0,000000
951 1733950705 20074,600000 -1,000000 20074,600000 20074,600000 0,000000
951 1733950704 20074,600000 -1,000000 20074,600000 20074,600000 0,000000
951 1733950703 20074,600000 -1,000000 20074,600000 20074,600000 0,000000
951 1733950702 20074,600000 -1,000000 20074,600000 20074,600000 0,000000
951 1733950701 4062,000000 -1,000000 4062,000000 4062,000000 0,000000
951 1733950700 4062,000000 -1,000000 4062,000000 4062,000000 0,000000
951 1733950699 4062,000000 -1,000000 4062,000000 4062,000000 0,000000
951 1733950698 4062,000000 -1,000000 4062,000000 4062,000000 0,000000
951 1733950697 4062,000000 -1,000000 4062,000000 4062,000000 0,000000
951 1733950696 17655,200000 -1,000000 17655,200000 17655,200000 0,000000
951 1733950695 17655,200000 -1,000000 17655,200000 17655,200000 0,000000
951 1733950694 17655,200000 -1,000000 17655,200000 17655,200000 0,000000
951 1733950693 17655,200000 -1,000000 17655,200000 17655,200000 0,000000
951 1733950692 17655,200000 -1,000000 17655,200000 17655,200000 0,000000
951 1733950686 2199,400000 -1,000000 2199,400000 2199,400000 0,000000
951 1733950685 2199,400000 -1,000000 2199,400000 2199,400000 0,000000
951 1733950684 2199,400000 -1,000000 2199,400000 2199,400000 0,000000
951 1733950683 2199,400000 -1,000000 2199,400000 2199,400000 0,000000
951 1733950682 2199,400000 -1,000000 2199,400000 2199,400000 0,000000
951 1733950681 3250,400000 -1,000000 3250,400000 3250,400000 0,000000
951 1733950680 3250,400000 -1,000000 3250,400000 3250,400000 0,000000
951 1733950679 3250,400000 -1,000000 3250,400000 3250,400000 0,000000
951 1733950678 3250,400000 -1,000000 3250,400000 3250,400000 0,000000
951 1733950677 3250,400000 -1,000000 3250,400000 3250,400000 0,000000
951 1733950676 6110,200000 -1,000000 6110,200000 6110,200000 0,000000
951 1733950675 6110,200000 -1,000000 6110,200000 6110,200000 0,000000
951 1733950674 6110,200000 -1,000000 6110,200000 6110,200000 0,000000
951 1733950673 6110,200000 -1,000000 6110,200000 6110,200000 0,000000
951 1733950672 6110,200000 -1,000000 6110,200000 6110,200000 0,000000
951 1733950671 14615,200000 -1,000000 14615,200000 14615,200000 0,000000
951 1733950670 14615,200000 -1,000000 14615,200000 14615,200000 0,000000
951 1733950669 14615,200000 -1,000000 14615,200000 14615,200000 0,000000
951 1733950668 14615,200000 -1,000000 14615,200000 14615,200000 0,000000
951 1733950667 14615,200000 -1,000000 14615,200000 14615,200000 0,000000
951 1733950666 10361,600000 -1,000000 10361,600000 10361,600000 0,000000
951 1733950665 10361,600000 -1,000000 10361,600000 10361,600000 0,000000
951 1733950664 10361,600000 -1,000000 10361,600000 10361,600000 0,000000
951 1733950663 10361,600000 -1,000000 10361,600000 10361,600000 0,000000
951 1733950662 10361,600000 -1,000000 10361,600000 10361,600000 0,000000
951 1733950661 44255,200000 -1,000000 44255,200000 44255,200000 0,000000
951 1733950660 44255,200000 -1,000000 44255,200000 44255,200000 0,000000
951 1733950659 44255,200000 -1,000000 44255,200000 44255,200000 0,000000
951 1733950658 44255,200000 -1,000000 44255,200000 44255,200000 0,000000
951 1733950657 44255,200000 -1,000000 44255,200000 44255,200000 0,000000
951 1733950656 4388,000000 -1,000000 4388,000000 4388,000000 0,000000
951 1733950655 4388,000000 -1,000000 4388,000000 4388,000000 0,000000
951 1733950654 4388,000000 -1,000000 4388,000000 4388,000000 0,000000
951 1733950653 4388,000000 -1,000000 4388,000000 4388,000000 0,000000
951 1733950652 4388,000000 -1,000000 4388,000000 4388,000000 0,000000
951 1733950651 22402,600000 -1,000000 22402,600000 22402,600000 0,000000
951 1733950650 22402,600000 -1,000000 22402,600000 22402,600000 0,000000
951 1733950649 22402,600000 -1,000000 22402,600000 22402,600000 0,000000
951 1733950648 22402,600000 -1,000000 22402,600000 22402,600000 0,000000
951 1733950647 22402,600000 -1,000000 22402,600000 22402,600000 0,000000
951 1733950646 8970,400000 -1,000000 8970,400000 8970,400000 0,000000
951 1733950645 8970,400000 -1,000000 8970,400000 8970,400000 0,000000
951 1733950645 8970,400000 -1,000000 -101,000000 0,000000 0,000000
951 1733950646 8970,400000 -1,000000 -101,000000 0,000000 0,000000
951 1733950647 22402,600000 -1,000000 -101,000000 0,000000 0,000000
951 1733950648 22402,600000 -1,000000 -101,000000 0,000000 0,000000
951 1733950649 22402,600000 -1,000000 -101,000000 0,000000 0,000000
951 1733950650 22402,600000 -1,000000 -101,000000 0,000000 0,000000
951 1733950651 22402,600000 -1,000000 -101,000000 0,000000 0,000000
951 1733950652 4388,000000 -1,000000 -101,000000 0,000000 0,000000
951 1733950653 4388,000000 -1,000000 -101,000000 0,000000 0,000000
951 1733950654 4388,000000 -1,000000 -101,000000 0,000000 0,000000
951 1733950655 4388,000000 -1,000000 -101,000000 0,000000 0,000000
951 1733950656 4388,000000 -1,000000 -101,000000 0,000000 0,000000
951 1733950657 44255,200000 -1,000000 -101,000000 0,000000 0,000000
951 1733950658 44255,200000 -1,000000 -101,000000 0,000000 0,000000
951 1733950659 44255,200000 -1,000000 -101,000000 0,000000 0,000000
951 1733950660 44255,200000 -1,000000 -101,000000 0,000000 0,000000
951 1733950661 44255,200000 -1,000000 -101,000000 0,000000 0,000000
951 1733950662 10361,600000 -1,000000 -101,000000 0,000000 0,000000
951 1733950663 10361,600000 -1,000000 -101,000000 0,000000 0,000000
951 1733950664 10361,600000 -1,000000 -101,000000 0,000000 0,000000
951 1733950665 10361,600000 -1,000000 -101,000000 0,000000 0,000000
951 1733950666 10361,600000 -1,000000 -101,000000 0,000000 0,000000
951 1733950667 14615,200000 -1,000000 -101,000000 0,000000 0,000000
951 1733950668 14615,200000 -1,000000 -101,000000 0,000000 0,000000
951 1733950669 14615,200000 -1,000000 -101,000000 0,000000 0,000000
951 1733950670 14615,200000 -1,000000 -101,000000 0,000000 0,000000
951 1733950671 14615,200000 -1,000000 -101,000000 0,000000 0,000000
951 1733950672 6110,200000 -1,000000 -101,000000 0,000000 0,000000
951 1733950673 6110,200000 -1,000000 -101,000000 0,000000 0,000000
951 1733950674 6110,200000 -1,000000 -101,000000 0,000000 0,000000
951 1733950675 6110,200000 -1,000000 -101,000000 0,000000 0,000000
951 1733950676 6110,200000 -1,000000 -101,000000 0,000000 0,000000
951 1733950677 3250,400000 -1,000000 -101,000000 0,000000 0,000000
951 1733950678 3250,400000 -1,000000 -101,000000 0,000000 0,000000
951 1733950679 3250,400000 -1,000000 -101,000000 0,000000 0,000000
951 1733950680 3250,400000 -1,000000 -101,000000 0,000000 0,000000
951 1733950681 3250,400000 -1,000000 -101,000000 0,000000 0,000000
951 1733950682 2199,400000 -1,000000 -101,000000 0,000000 0,000000
951 1733950683 2199,400000 -1,000000 -101,000000 0,000000 0,000000
951 1733950684 2199,400000 -1,000000 -101,000000 0,000000 0,000000
951 1733950685 2199,400000 -1,000000 -101,000000 0,000000 0,000000
951 1733950686 2199,400000 -1,000000 -101,000000 0,000000 0,000000
951 1733950692 17655,200000 -1,000000 -101,000000 0,000000 0,000000
951 1733950693 17655,200000 -1,000000 -101,000000 0,000000 0,000000
951 1733950694 17655,200000 -1,000000 -101,000000 0,000000 0,000000
951 1733950695 17655,200000 -1,000000 -101,000000 0,000000 0,000000
951 1733950696 17655,200000 -1,000000 -101,000000 0,000000 0,000000
951 1733950697 4062,000000 -1,000000 -101,000000 0,000000 0,000000
951 1733950698 4062,000000 -1,000000 -101,000000 0,000000 0,000000
951 1733950699 4062,000000 -1,000000 -101,000000 0,000000 0,000000
951 1733950700 4062,000000 -1,000000 -101,000000 0,000000 0,000000
951 1733950701 4062,000000 -1,000000 -101,000000 0,000000 0,000000
951 1733950702 20074,600000 -1,000000 -101,000000 0,000000 0,000000
951 1733950703 20074,600000 -1,000000 -101,000000 0,000000 0,000000
951 1733950704 20074,600000 -1,000000 -101,000000 0,000000 0,000000
951 1733950705 20074,600000 -1,000000 -101,000000 0,000000 0,000000
951 1733950706 20074,600000 -1,000000 -101,000000 0,000000 0,000000
951 1733950707 7223,000000 -1,000000 -101,000000 0,000000 0,000000
951 1733950708 7223,000000 -1,000000 -101,000000 0,000000 0,000000
951 1733950709 7223,000000 -1,000000 -101,000000 0,000000 0,000000
951 1733950710 7223,000000 -1,000000 -101,000000 0,000000 0,000000
951 1733950711 7223,000000 -1,000000 -101,000000 0,000000 0,000000
951 1733950712 2718,400000 -1,000000 -101,000000 0,000000 0,000000
951 1733950713 2718,400000 -1,000000 -101,000000 0,000000 0,000000
951 1733950714 2718,400000 -1,000000 -101,000000 0,000000 0,000000
951 1733950715 2718,400000 -1,000000 -101,000000 0,000000 0,000000
951 1733950716 2718,400000 -1,000000 -101,000000 0,000000 0,000000
951 1733950717 25870,600000 -1,000000 -101,000000 0,000000 0,000000
951 1733950718 25870,600000 -1,000000 -101,000000 0,000000 0,000000
951 1733950719 25870,600000 -1,000000 -101,000000 0,000000 0,000000
951 1733950720 25870,600000 -1,000000 -101,000000 0,000000 0,000000
951 1733950721 25870,600000 -1,000000 -101,000000 0,000000 0,000000
951 1733950722 23242,400000 -1,000000 -101,000000 0,000000 0,000000
951 1733950723 23242,400000 -1,000000 -101,000000 0,000000 0,000000
951 1733950724 23242,400000 -1,000000 -101,000000 0,000000 0,000000
951 1733950725 23242,400000 -1,000000 -101,000000 0,000000 0,000000
951 1733950726 23242,400000 -1,000000 -101,000000 0,000000 0,000000
951 1733950727 24654,400000 -1,000000 -101,000000 0,000000 0,000000
951 1733950728 24654,400000 -1,000000 -101,000000 0,000000 0,000000
951 1733950729 24654,400000 -1,000000 -101,000000 0,000000 0,000000
951 1733950730 24654,400000 -1,000000 -101,000000 0,000000 0,000000
951 1733950731 24654,400000 -1,000000 -101,000000 0,000000 0,000000
951 1733950732 10775,000000 -1,000000 -101,000000 0,000000 0,000000
951 1733950733 10775,000000 -1,000000 -101,000000 0,000000 0,000000
951 1733950734 10775,000000 -1,000000 -101,000000 0,000000 0,000000
951 1733950735 10775,000000 -1,000000 -101,000000 0,000000 0,000000
951 1733950736 10775,000000 -1,000000 -101,000000 0,000000 0,000000
951 1733950737 11239,800000 -1,000000 -101,000000 0,000000 0,000000
951 1733950738 11239,800000 -1,000000 -101,000000 0,000000 0,000000
951 1733950739 11239,800000 -1,000000 -101,000000 0,000000 0,000000
951 1733950740 11239,800000 -1,000000 -101,000000 0,000000 0,000000
951 1733950741 11239,800000 -1,000000 -101,000000 0,000000 0,000000
951 1733950742 10643,600000 -1,000000 -101,000000 0,000000 0,000000
951 1733950743 10643,600000 -1,000000 -101,000000 0,000000 0,000000
951 1733950744 10643,600000 -1,000000 -101,000000 0,000000 0,000000
951 1733950745 10643,600000 -1,000000 -101,000000 0,000000 0,000000
951 1733950746 10643,600000 -1,000000 -101,000000 0,000000 0,000000
951 1733950747 2080,000000 -1,000000 -101,000000 0,000000 0,000000
951 1733950748 2080,000000 -1,000000 -101,000000 0,000000 0,000000
951 1733950749 2080,000000 -1,000000 -101,000000 0,000000 0,000000
951 1733950750 2080,000000 -1,000000 -101,000000 0,000000 0,000000
951 1733950751 2080,000000 -1,000000 -101,000000 0,000000 0,000000
951 1733950752 9774,400000 -1,000000 -101,000000 0,000000 0,000000
951 1733950753 9774,400000 -1,000000 -101,000000 0,000000 0,000000
951 1733950754 9774,400000 -1,000000 -101,000000 0,000000 0,000000
951 1733950755 9774,400000 -1,000000 -101,000000 0,000000 0,000000
951 1733950756 9774,400000 -1,000000 -101,000000 0,000000 0,000000
951 1733950757 7604,400000 -1,000000 -101,000000 0,000000 0,000000
951 1733950758 7604,400000 -1,000000 -101,000000 0,000000 0,000000
951 1733950759 7604,400000 -1,000000 -101,000000 0,000000 0,000000
951 1733950760 7604,400000 -1,000000 -101,000000 0,000000 0,000000
951 1733950761 7604,400000 -1,000000 -101,000000 0,000000 0,000000
951 1733950762 9252,200000 -1,000000 -101,000000 0,000000 0,000000
951 1733950763 9252,200000 -1,000000 -101,000000 0,000000 0,000000
951 1733950764 9252,200000 -1,000000 -101,000000 0,000000 0,000000
951 1733950765 9252,200000 -1,000000 -101,000000 0,000000 0,000000
951 1733950766 9252,200000 -1,000000 -101,000000 0,000000 0,000000
951 1733950772 9724,400000 -1,000000 -101,000000 0,000000 0,000000
951 1733950773 9724,400000 -1,000000 -101,000000 0,000000 0,000000
951 1733950774 9724,400000 -1,000000 -101,000000 0,000000 0,000000
951 1733950775 9724,400000 -1,000000 -101,000000 0,000000 0,000000
951 1733950776 9724,400000 -1,000000 -101,000000 0,000000 0,000000
951 1733950777 30581,800000 -1,000000 -101,000000 0,000000 0,000000
951 1733950778 30581,800000 -1,000000 -101,000000 0,000000 0,000000
951 1733950779 30581,800000 -1,000000 -101,000000 0,000000 0,000000
951 1733950780 30581,800000 -1,000000 -101,000000 0,000000 0,000000
951 1733950781 30581,800000 -1,000000 -101,000000 0,000000 0,000000
951 1733950782 5269,200000 -1,000000 -101,000000 0,000000 0,000000
951 1733950783 5269,200000 -1,000000 -101,000000 0,000000 0,000000
951 1733950784 5269,200000 -1,000000 -101,000000 0,000000 0,000000
951 1733950785 5269,200000 -1,000000 -101,000000 0,000000 0,000000
951 1733950786 5269,200000 -1,000000 -101,000000 0,000000 0,000000
951 1733950787 13550,400000 -1,000000 -101,000000 0,000000 0,000000
951 1733950788 13550,400000 -1,000000 -101,000000 0,000000 0,000000
951 1733950789 13550,400000 -1,000000 -101,000000 0,000000 0,000000
951 1733950790 13550,400000 -1,000000 -101,000000 0,000000 0,000000
951 1733950791 13550,400000 -1,000000 -101,000000 0,000000 0,000000
951 1733950792 4757,000000 -1,000000 -101,000000 0,000000 0,000000
951 1733950793 4757,000000 -1,000000 -101,000000 0,000000 0,000000
951 1733950794 4757,000000 -1,000000 -101,000000 0,000000 0,000000
951 1733950795 4757,000000 -1,000000 -101,000000 0,000000 0,000000
951 1733950796 4757,000000 -1,000000 -101,000000 0,000000 0,000000
951 1733950797 11641,600000 -1,000000 -101,000000 0,000000 0,000000
951 1733950798 11641,600000 -1,000000 -101,000000 0,000000 0,000000
951 1733950799 11641,600000 -1,000000 -101,000000 0,000000 0,000000
951 1733950800 11641,600000 -1,000000 -101,000000 0,000000 0,000000
951 1733950801 11641,600000 -1,000000 -101,000000 0,000000 0,000000
951 1733950802 27320,000000 -1,000000 -101,000000 0,000000 0,000000
951 1733950803 27320,000000 -1,000000 -101,000000 0,000000 0,000000
951 1733950804 27320,000000 -1,000000 -101,000000 0,000000 0,000000
951 1733950805 27320,000000 -1,000000 -101,000000 0,000000 0,000000
951 1733950806 27320,000000 -1,000000 -101,000000 0,000000 0,000000
951 1733950807 12522,200000 -1,000000 -101,000000 0,000000 0,000000
951 1733950808 12522,200000 -1,000000 -101,000000 0,000000 0,000000
951 1733950809 12522,200000 -1,000000 -101,000000 0,000000 0,000000
951 1733950810 12522,200000 -1,000000 -101,000000 0,000000 0,000000
951 1733950811 12522,200000 -1,000000 -101,000000 0,000000 0,000000
951 1733950812 8760,600000 -1,000000 -101,000000 0,000000 0,000000
951 1733950813 8760,600000 -1,000000 -101,000000 0,000000 0,000000
951 1733950814 8760,600000 -1,000000 -101,000000 0,000000 0,000000
951 1733950815 8760,600000 -1,000000 -101,000000 0,000000 0,000000
951 1733950816 8760,600000 -1,000000 -101,000000 0,000000 0,000000
951 1733950817 3120,200000 -1,000000 -101,000000 0,000000 0,000000
951 1733950818 3120,200000 -1,000000 -101,000000 0,000000 0,000000
951 1733950819 3120,200000 -1,000000 -101,000000 0,000000 0,000000
951 1733950820 3120,200000 -1,000000 -101,000000 0,000000 0,000000
951 1733950821 3120,200000 -1,000000 -101,000000 0,000000 0,000000
951 1733950827 3089,800000 -1,000000 -101,000000 0,000000 0,000000
951 1733950828 3089,800000 -1,000000 -101,000000 0,000000 0,000000
951 1733950829 3089,800000 -1,000000 -101,000000 0,000000 0,000000
951 1733950830 3089,800000 -1,000000 -101,000000 0,000000 0,000000
951 1733950831 3089,800000 -1,000000 -101,000000 0,000000 0,000000
951 1733950832 1606,800000 -1,000000 -101,000000 0,000000 0,000000
951 1733950833 1606,800000 -1,000000 -101,000000 0,000000 0,000000
951 1733950834 1606,800000 -1,000000 -101,000000 0,000000 0,000000
951 1733950835 1606,800000 -1,000000 -101,000000 0,000000 0,000000
951 1733950836 1606,800000 -1,000000 -101,000000 0,000000 0,000000
951 1733950837 42248,800000 -1,000000 -101,000000 0,000000 0,000000
951 1733950838 42248,800000 -1,000000 -101,000000 0,000000 0,000000
951 1733950839 42248,800000 -1,000000 -101,000000 0,000000 0,000000
951 1733950840 42248,800000 -1,000000 -101,000000 0,000000 0,000000
951 1733950841 42248,800000 -1,000000 -101,000000 0,000000 0,000000
951 1733950842 5101,400000 -1,000000 -101,000000 0,000000 0,000000
951 1733950843 5101,400000 -1,000000 -101,000000 0,000000 0,000000
951 1733950844 5101,400000 -1,000000 -101,000000 0,000000 0,000000
951 1733950845 5101,400000 -1,000000 -101,000000 0,000000 0,000000
951 1733950846 5101,400000 -1,000000 -101,000000 0,000000 0,000000
951 1733950847 27575,000000 -1,000000 -101,000000 0,000000 0,000000
951 1733950848 27575,000000 -1,000000 -101,000000 0,000000 0,000000
951 1733950849 27575,000000 -1,000000 -101,000000 0,000000 0,000000
951 1733950850 27575,000000 -1,000000 -101,000000 0,000000 0,000000
951 1733950851 27575,000000 -1,000000 -101,000000 0,000000 0,000000
951 1733950852 8654,600000 -1,000000 -101,000000 0,000000 0,000000
951 1733950853 8654,600000 -1,000000 -101,000000 0,000000 0,000000
951 1733950854 8654,600000 -1,000000 -101,000000 0,000000 0,000000
951 1733950855 8654,600000 -1,000000 -101,000000 0,000000 0,000000
951 1733950856 8654,600000 -1,000000 -101,000000 0,000000 0,000000
951 1733950857 4425,600000 -1,000000 -101,000000 0,000000 0,000000
951 1733950858 4425,600000 -1,000000 -101,000000 0,000000 0,000000
951 1733950859 4425,600000 -1,000000 -101,000000 0,000000 0,000000
951 1733950860 4425,600000 -1,000000 -101,000000 0,000000 0,000000
951 1733950861 4425,600000 -1,000000 -101,000000 0,000000 0,000000
951 1733950862 1114,000000 -1,000000 -101,000000 0,000000 0,000000
951 1733950863 1114,000000 -1,000000 -101,000000 0,000000 0,000000
951 1733950864 1114,000000 -1,000000 -101,000000 0,000000 0,000000
951 1733950865 1114,000000 -1,000000 -101,000000 0,000000 0,000000
951 1733950866 1114,000000 -1,000000 -101,000000 0,000000 0,000000
951 1733950867 8803,200000 -1,000000 -101,000000 0,000000 0,000000
951 1733950868 8803,200000 -1,000000 -101,000000 0,000000 0,000000
951 1733950869 8803,200000 -1,000000 -101,000000 0,000000 0,000000
951 1733950870 8803,200000 -1,000000 -101,000000 0,000000 0,000000
951 1733950871 8803,200000 -1,000000 -101,000000 0,000000 0,000000
951 1733950872 10587,600000 -1,000000 -101,000000 0,000000 0,000000
951 1733950873 10587,600000 -1,000000 -101,000000 0,000000 0,000000
951 1733950874 10587,600000 -1,000000 -101,000000 0,000000 0,000000
951 1733950875 10587,600000 -1,000000 -101,000000 0,000000 0,000000
951 1733950876 10587,600000 -1,000000 -101,000000 0,000000 0,000000
951 1733950877 28667,600000 -1,000000 -101,000000 0,000000 0,000000
951 1733950878 28667,600000 -1,000000 -101,000000 0,000000 0,000000
951 1733950879 28667,600000 -1,000000 -101,000000 0,000000 0,000000
951 1733950880 28667,600000 -1,000000 -101,000000 0,000000 0,000000
951 1733950881 28667,600000 -1,000000 -101,000000 0,000000 0,000000
951 1733950882 31866,800000 -1,000000 -101,000000 0,000000 0,000000
951 1733950883 31866,800000 -1,000000 -101,000000 0,000000 0,000000
951 1733950884 31866,800000 -1,000000 -101,000000 0,000000 0,000000
951 1733950885 31866,800000 -1,000000 -101,000000 0,000000 0,000000
951 1733950886 31866,800000 -1,000000 -101,000000 0,000000 0,000000
951 1733950887 4799,200000 -1,000000 -101,000000 0,000000 0,000000
951 1733950888 4799,200000 -1,000000 -101,000000 0,000000 0,000000
951 1733950889 4799,200000 -1,000000 -101,000000 0,000000 0,000000
951 1733950890 4799,200000 -1,000000 -101,000000 0,000000 0,000000
951 1733950891 4799,200000 -1,000000 -101,000000 0,000000 0,000000
951 1733950892 805,800000 -1,000000 -101,000000 0,000000 0,000000
951 1733950893 805,800000 -1,000000 -101,000000 0,000000 0,000000
951 1733950894 805,800000 -1,000000 -101,000000 0,000000 0,000000
951 1733950895 805,800000 -1,000000 -101,000000 0,000000 0,000000
951 1733950896 805,800000 -1,000000 -101,000000 0,000000 0,000000
951 1733950897 30393,600000 -1,000000 -101,000000 0,000000 0,000000
951 1733950898 30393,600000 -1,000000 -101,000000 0,000000 0,000000
951 1733950899 30393,600000 -1,000000 -101,000000 0,000000 0,000000
951 1733950900 30393,600000 -1,000000 -101,000000 0,000000 0,000000
951 1733950901 30393,600000 -1,000000 -101,000000 0,000000 0,000000
951 1733950902 9250,400000 -1,000000 -101,000000 0,000000 0,000000
951 1733950903 9250,400000 -1,000000 -101,000000 0,000000 0,000000
951 1733950904 9250,400000 -1,000000 -101,000000 0,000000 0,000000
951 1733950905 9250,400000 -1,000000 -101,000000 0,000000 0,000000
951 1733950906 9250,400000 -1,000000 -101,000000 0,000000 0,000000
951 1733950907 15966,200000 -1,000000 -101,000000 0,000000 0,000000
951 1733950908 15966,200000 -1,000000 -101,000000 0,000000 0,000000
951 1733950909 15966,200000 -1,000000 -101,000000 0,000000 0,000000
951 1733950910 15966,200000 -1,000000 -101,000000 0,000000 0,000000
951 1733950911 15966,200000 -1,000000 -101,000000 0,000000 0,000000
951 1733950912 4230,200000 -1,000000 -101,000000 0,000000 0,000000
951 1733950913 4230,200000 -1,000000 -101,000000 0,000000 0,000000
951 1733950914 4230,200000 -1,000000 -101,000000 0,000000 0,000000
951 1733950915 4230,200000 -1,000000 -101,000000 0,000000 0,000000
951 1733950916 4230,200000 -1,000000 -101,000000 0,000000 0,000000
951 1733950917 17173,000000 -1,000000 -101,000000 0,000000 0,000000
951 1733950918 17173,000000 -1,000000 -101,000000 0,000000 0,000000
951 1733950919 17173,000000 -1,000000 -101,000000 0,000000 0,000000
951 1733950920 17173,000000 -1,000000 -101,000000 0,000000 0,000000
951 1733950921 17173,000000 -1,000000 -101,000000 0,000000 0,000000
951 1733950922 1867,400000 -1,000000 -101,000000 0,000000 0,000000
951 1733950923 1867,400000 -1,000000 -101,000000 0,000000 0,000000
951 1733950924 1867,400000 -1,000000 -101,000000 0,000000 0,000000
951 1733950925 1867,400000 -1,000000 -101,000000 0,000000 0,000000
951 1733950926 1867,400000 -1,000000 -101,000000 0,000000 0,000000
951 1733950927 805,200000 -1,000000 -101,000000 0,000000 0,000000
951 1733950928 805,200000 -1,000000 -101,000000 0,000000 0,000000
951 1733950929 805,200000 -1,000000 -101,000000 0,000000 0,000000
951 1733950930 805,200000 -1,000000 -101,000000 0,000000 0,000000
951 1733950931 805,200000 -1,000000 -101,000000 0,000000 0,000000
951 1733950932 11114,400000 -1,000000 -101,000000 0,000000 0,000000
951 1733950933 11114,400000 -1,000000 -101,000000 0,000000 0,000000
951 1733950934 11114,400000 -1,000000 -101,000000 0,000000 0,000000
951 1733950935 11114,400000 -1,000000 -101,000000 0,000000 0,000000
951 1733950936 11114,400000 -1,000000 -101,000000 0,000000 0,000000
951 1733950937 3306,600000 -1,000000 -101,000000 0,000000 0,000000
951 1733950938 3306,600000 -1,000000 -101,000000 0,000000 0,000000
951 1733950939 3306,600000 -1,000000 -101,000000 0,000000 0,000000
951 1733950940 3306,600000 -1,000000 -101,000000 0,000000 0,000000
951 1733950941 3306,600000 -1,000000 -101,000000 0,000000 0,000000
951 1733950942 20555,000000 -1,000000 -101,000000 0,000000 0,000000
951 1733950943 20555,000000 -1,000000 -101,000000 0,000000 0,000000
951 1733950944 20555,000000 -1,000000 -101,000000 0,000000 0,000000
951 1733950945 20555,000000 -1,000000 -101,000000 0,000000 0,000000
951 1733950946 20555,000000 -1,000000 -101,000000 0,000000 0,000000
951 1733950947 4337,600000 -1,000000 -101,000000 0,000000 0,000000
951 1733950948 4337,600000 -1,000000 -101,000000 0,000000 0,000000
951 1733950949 4337,600000 -1,000000 -101,000000 0,000000 0,000000
951 1733950950 4337,600000 -1,000000 -101,000000 0,000000 0,000000
951 1733950951 4337,600000 -1,000000 -101,000000 0,000000 0,000000
951 1733950952 19501,400000 -1,000000 -101,000000 0,000000 0,000000
951 1733950953 19501,400000 -1,000000 -101,000000 0,000000 0,000000
951 1733950954 19501,400000 -1,000000 -101,000000 0,000000 0,000000
951 1733950955 19501,400000 -1,000000 -101,000000 0,000000 0,000000
951 1733950956 19501,400000 -1,000000 -101,000000 0,000000 0,000000
951 1733950957 44878,400000 -1,000000 -101,000000 0,000000 0,000000
951 1733950958 44878,400000 -1,000000 -101,000000 0,000000 0,000000
951 1733950959 44878,400000 -1,000000 -101,000000 0,000000 0,000000
951 1733950960 44878,400000 -1,000000 -101,000000 0,000000 0,000000
951 1733950961 44878,400000 -1,000000 -101,000000 0,000000 0,000000
951 1733950962 4160,000000 -1,000000 -101,000000 0,000000 0,000000
951 1733950963 4160,000000 -1,000000 -101,000000 0,000000 0,000000
951 1733950964 4160,000000 -1,000000 -101,000000 0,000000 0,000000
951 1733950965 4160,000000 -1,000000 -101,000000 0,000000 0,000000
951 1733950966 4160,000000 -1,000000 -101,000000 0,000000 0,000000
951 1733950967 5100,600000 -1,000000 -101,000000 0,000000 0,000000
951 1733950968 5100,600000 -1,000000 -101,000000 0,000000 0,000000
951 1733950969 5100,600000 -1,000000 -101,000000 0,000000 0,000000
951 1733950970 5100,600000 -1,000000 -101,000000 0,000000 0,000000
951 1733950971 5100,600000 -1,000000 -101,000000 0,000000 0,000000
951 1733950972 2959,000000 -1,000000 -101,000000 0,000000 0,000000
951 1733950973 2959,000000 -1,000000 -101,000000 0,000000 0,000000
951 1733950974 2959,000000 -1,000000 -101,000000 0,000000 0,000000
951 1733950975 2959,000000 -1,000000 -101,000000 0,000000 0,000000
951 1733950976 2959,000000 -1,000000 -101,000000 0,000000 0,000000
951 1733950977 4202,400000 -1,000000 -101,000000 0,000000 0,000000
951 1733950978 4202,400000 -1,000000 -101,000000 0,000000 0,000000
951 1733950979 4202,400000 -1,000000 -101,000000 0,000000 0,000000
951 1733950980 4202,400000 -1,000000 -101,000000 0,000000 0,000000
951 1733950981 4202,400000 -1,000000 -101,000000 0,000000 0,000000
951 1733950982 18879,400000 -1,000000 -101,000000 0,000000 0,000000
951 1733950983 18879,400000 -1,000000 -101,000000 0,000000 0,000000
951 1733950984 18879,400000 -1,000000 -101,000000 0,000000 0,000000
951 1733950985 18879,400000 -1,000000 -101,000000 0,000000 0,000000
951 1733950986 18879,400000 -1,000000 -101,000000 0,000000 0,000000
951 1733950987 3355,600000 -1,000000 -101,000000 0,000000 0,000000
951 1733950988 3355,600000 -1,000000 -101,000000 0,000000 0,000000
951 1733950989 3355,600000 -1,000000 -101,000000 0,000000 0,000000
951 1733950990 3355,600000 -1,000000 -101,000000 0,000000 0,000000
951 1733950991 3355,600000 -1,000000 -101,000000 0,000000 0,000000
951 1733950992 19087,000000 -1,000000 -101,000000 0,000000 0,000000
951 1733950993 19087,000000 -1,000000 -101,000000 0,000000 0,000000
951 1733950994 19087,000000 -1,000000 -101,000000 0,000000 0,000000
951 1733950995 19087,000000 -1,000000 -101,000000 0,000000 0,000000
951 1733950996 19087,000000 -1,000000 -101,000000 0,000000 0,000000
951 1733950997 6109,400000 -1,000000 -101,000000 0,000000 0,000000
951 1733950998 6109,400000 -1,000000 -101,000000 0,000000 0,000000
951 1733950999 6109,400000 -1,000000 -101,000000 0,000000 0,000000
951 1733951000 6109,400000 -1,000000 -101,000000 0,000000 0,000000
951 1733951001 6109,400000 -1,000000 -101,000000 0,000000 0,000000
951 1733951002 2718,400000 -1,000000 -101,000000 0,000000 0,000000
951 1733951003 2718,400000 -1,000000 -101,000000 0,000000 0,000000
951 1733951004 2718,400000 -1,000000 -101,000000 0,000000 0,000000
951 1733951005 2718,400000 -1,000000 -101,000000 0,000000 0,000000
951 1733951006 2718,400000 -1,000000 -101,000000 0,000000 0,000000
951 1733951007 524,200000 -1,000000 -101,000000 0,000000 0,000000
951 1733951008 524,200000 -1,000000 -101,000000 0,000000 0,000000
951 1733951009 524,200000 -1,000000 -101,000000 0,000000 0,000000
951 1733951010 524,200000 -1,000000 -101,000000 0,000000 0,000000
951 1733951011 524,200000 -1,000000 -101,000000 0,000000 0,000000
951 1733951012 6849,400000 -1,000000 -101,000000 0,000000 0,000000
951 1733951013 6849,400000 -1,000000 -101,000000 0,000000 0,000000
951 1733951014 6849,400000 -1,000000 -101,000000 0,000000 0,000000
951 1733951015 6849,400000 -1,000000 -101,000000 0,000000 0,000000
951 1733951016 6849,400000 -1,000000 -101,000000 0,000000 0,000000
951 1733951017 35178,600000 -1,000000 -101,000000 0,000000 0,000000
951 1733951018 35178,600000 -1,000000 -101,000000 0,000000 0,000000
951 1733951019 35178,600000 -1,000000 -101,000000 0,000000 0,000000
951 1733951020 35178,600000 -1,000000 -101,000000 0,000000 0,000000
951 1733951021 35178,600000 -1,000000 -101,000000 0,000000 0,000000
951 1733951022 3826,200000 -1,000000 -101,000000 0,000000 0,000000
951 1733951023 3826,200000 -1,000000 -101,000000 0,000000 0,000000
951 1733951024 3826,200000 -1,000000 -101,000000 0,000000 0,000000
951 1733951025 3826,200000 -1,000000 -101,000000 0,000000 0,000000
951 1733951026 3826,200000 -1,000000 -101,000000 0,000000 0,000000
951 1733951027 44257,400000 -1,000000 -101,000000 0,000000 0,000000
951 1733951028 44257,400000 -1,000000 -101,000000 0,000000 0,000000
951 1733951029 44257,400000 -1,000000 -101,000000 0,000000 0,000000
951 1733951030 44257,400000 -1,000000 -101,000000 0,000000 0,000000
951 1733951031 44257,400000 -1,000000 -101,000000 0,000000 0,000000
951 1733951032 15611,600000 -1,000000 -101,000000 0,000000 0,000000
951 1733951033 15611,600000 -1,000000 -101,000000 0,000000 0,000000
951 1733951034 15611,600000 -1,000000 -101,000000 0,000000 0,000000
951 1733951035 15611,600000 -1,000000 -101,000000 0,000000 0,000000
951 1733951036 15611,600000 -1,000000 -101,000000 0,000000 0,000000
951 1733951037 11396,600000 -1,000000 -101,000000 0,000000 0,000000
951 1733951038 11396,600000 -1,000000 -101,000000 0,000000 0,000000
951 1733951039 11396,600000 -1,000000 -101,000000 0,000000 0,000000
951 1733951040 11396,600000 -1,000000 -101,000000 0,000000 0,000000
951 1733951041 11396,600000 -1,000000 -101,000000 0,000000 0,000000
951 1733951042 1397,600000 -1,000000 -101,000000 0,000000 0,000000
951 1733951043 1397,600000 -1,000000 -101,000000 0,000000 0,000000
951 1733951044 1397,600000 -1,000000 -101,000000 0,000000 0,000000
951 1733951045 1397,600000 -1,000000 -101,000000 0,000000 0,000000
951 1733951046 1397,600000 -1,000000 -101,000000 0,000000 0,000000
951 1733951047 2530,400000 -1,000000 -101,000000 0,000000 0,000000
951 1733951048 2530,400000 -1,000000 -101,000000 0,000000 0,000000
951 1733951049 2530,400000 -1,000000 -101,000000 0,000000 0,000000
951 1733951050 2530,400000 -1,000000 -101,000000 0,000000 0,000000
951 1733951051 2530,400000 -1,000000 -101,000000 0,000000 0,000000
951 1733951052 11558,000000 -1,000000 -101,000000 0,000000 0,000000
951 1733951053 11558,000000 -1,000000 -101,000000 0,000000 0,000000
951 1733951054 11558,000000 -1,000000 -101,000000 0,000000 0,000000
951 1733951055 11558,000000 -1,000000 -101,000000 0,000000 0,000000
951 1733951056 11558,000000 -1,000000 -101,000000 0,000000 0,000000
951 1733951057 4329,600000 -1,000000 -101,000000 0,000000 0,000000
951 1733951058 4329,600000 -1,000000 -101,000000 0,000000 0,000000
951 1733951059 4329,600000 -1,000000 -101,000000 0,000000 0,000000
951 1733951060 4329,600000 -1,000000 -101,000000 0,000000 0,000000
951 1733951061 4329,600000 -1,000000 -101,000000 0,000000 0,000000
951 1733951062 6435,200000 -1,000000 -101,000000 0,000000 0,000000
951 1733951063 6435,200000 -1,000000 -101,000000 0,000000 0,000000
951 1733951064 6435,200000 -1,000000 -101,000000 0,000000 0,000000
951 1733951065 6435,200000 -1,000000 -101,000000 0,000000 0,000000
951 1733951066 6435,200000 -1,000000 -101,000000 0,000000 0,000000
951 1733951067 9257,000000 -1,000000 -101,000000 0,000000 0,000000
951 1733951068 9257,000000 -1,000000 -101,000000 0,000000 0,000000
951 1733951069 9257,000000 -1,000000 -101,000000 0,000000 0,000000
951 1733951070 9257,000000 -1,000000 -101,000000 0,000000 0,000000
951 1733951071 9257,000000 -1,000000 -101,000000 0,000000 0,000000
951 1733951072 1275,400000 -1,000000 -101,000000 0,000000 0,000000
951 1733951073 1275,400000 -1,000000 -101,000000 0,000000 0,000000
951 1733951074 1275,400000 -1,000000 -101,000000 0,000000 0,000000
951 1733951075 1275,400000 -1,000000 -101,000000 0,000000 0,000000
951 1733951076 1275,400000 -1,000000 -101,000000 0,000000 0,000000
951 1733951077 35712,000000 -1,000000 -101,000000 0,000000 0,000000
951 1733951078 35712,000000 -1,000000 -101,000000 0,000000 0,000000
951 1733951079 35712,000000 -1,000000 -101,000000 0,000000 0,000000
951 1733951080 35712,000000 -1,000000 -101,000000 0,000000 0,000000
951 1733951081 35712,000000 -1,000000 -101,000000 0,000000 0,000000
951 1733951082 4348,400000 -1,000000 -101,000000 0,000000 0,000000
951 1733951083 4348,400000 -1,000000 -101,000000 0,000000 0,000000
951 1733951084 4348,400000 -1,000000 -101,000000 0,000000 0,000000
951 1733951085 4348,400000 -1,000000 -101,000000 0,000000 0,000000
951 1733951086 4348,400000 -1,000000 -101,000000 0,000000 0,000000
951 1733951087 28715,600000 -1,000000 -101,000000 0,000000 0,000000
951 1733951088 28715,600000 -1,000000 -101,000000 0,000000 0,000000
951 1733951089 28715,600000 -1,000000 -101,000000 0,000000 0,000000
951 1733951090 28715,600000 -1,000000 -101,000000 0,000000 0,000000
951 1733951091 28715,600000 -1,000000 -101,000000 0,000000 0,000000
951 1733951092 13149,000000 -1,000000 -101,000000 0,000000 0,000000
951 1733951093 13149,000000 -1,000000 -101,000000 0,000000 0,000000
951 1733951094 13149,000000 -1,000000 -101,000000 0,000000 0,000000
951 1733951095 13149,000000 -1,000000 -101,000000 0,000000 0,000000
951 1733951096 13149,000000 -1,000000 -101,000000 0,000000 0,000000
951 1733951097 7205,800000 -1,000000 -101,000000 0,000000 0,000000
951 1733951098 7205,800000 -1,000000 -101,000000 0,000000 0,000000
951 1733951099 7205,800000 -1,000000 -101,000000 0,000000 0,000000
951 1733951100 7205,800000 -1,000000 -101,000000 0,000000 0,000000
951 1733951101 7205,800000 -1,000000 -101,000000 0,000000 0,000000
951 1733951102 14673,000000 -1,000000 -101,000000 0,000000 0,000000
951 1733951103 14673,000000 -1,000000 -101,000000 0,000000 0,000000
951 1733951104 14673,000000 -1,000000 -101,000000 0,000000 0,000000
951 1733951105 14673,000000 -1,000000 -101,000000 0,000000 0,000000
951 1733951106 14673,000000 -1,000000 -101,000000 0,000000 0,000000
951 1733951107 10059,200000 -1,000000 -101,000000 0,000000 0,000000
951 1733951108 10059,200000 -1,000000 -101,000000 0,000000 0,000000
951 1733951109 10059,200000 -1,000000 -101,000000 0,000000 0,000000
951 1733951110 10059,200000 -1,000000 -101,000000 0,000000 0,000000
951 1733951111 10059,200000 -1,000000 -101,000000 0,000000 0,000000
951 1733951112 6771,400000 -1,000000 -101,000000 0,000000 0,000000
951 1733951113 6771,400000 -1,000000 -101,000000 0,000000 0,000000
951 1733951114 6771,400000 -1,000000 -101,000000 0,000000 0,000000
951 1733951115 6771,400000 -1,000000 -101,000000 0,000000 0,000000
951 1733951116 6771,400000 -1,000000 -101,000000 0,000000 0,000000
951 1733951117 1505,200000 -1,000000 -101,000000 0,000000 0,000000
951 1733951118 1505,200000 -1,000000 -101,000000 0,000000 0,000000
951 1733951119 1505,200000 -1,000000 -101,000000 0,000000 0,000000
951 1733951120 1505,200000 -1,000000 -101,000000 0,000000 0,000000
951 1733951121 1505,200000 -1,000000 -101,000000 0,000000 0,000000
951 1733951122 16899,800000 -1,000000 -101,000000 0,000000 0,000000
951 1733951123 16899,800000 -1,000000 -101,000000 0,000000 0,000000
951 1733951124 16899,800000 -1,000000 -101,000000 0,000000 0,000000
951 1733951125 16899,800000 -1,000000 -101,000000 0,000000 0,000000
951 1733951126 16899,800000 -1,000000 -101,000000 0,000000 0,000000
951 1733951132 5641,200000 -1,000000 -101,000000 0,000000 0,000000
951 1733951133 5641,200000 -1,000000 -101,000000 0,000000 0,000000
951 1733951134 5641,200000 -1,000000 -101,000000 0,000000 0,000000
951 1733951135 5641,200000 -1,000000 -101,000000 0,000000 0,000000
951 1733951136 5641,200000 -1,000000 -101,000000 0,000000 0,000000
951 1733951137 47030,200000 -1,000000 -101,000000 0,000000 0,000000
951 1733951138 47030,200000 -1,000000 -101,000000 0,000000 0,000000
951 1733951139 47030,200000 -1,000000 -101,000000 0,000000 0,000000
951 1733951140 47030,200000 -1,000000 -101,000000 0,000000 0,000000
951 1733951141 47030,200000 -1,000000 -101,000000 0,000000 0,000000
951 1733951142 11078,200000 -1,000000 -101,000000 0,000000 0,000000
951 1733951143 11078,200000 -1,000000 -101,000000 0,000000 0,000000
951 1733951144 11078,200000 -1,000000 -101,000000 0,000000 0,000000
951 1733951145 11078,200000 -1,000000 -101,000000 0,000000 0,000000
951 1733951146 11078,200000 -1,000000 -101,000000 0,000000 0,000000
951 1733951147 7818,800000 -1,000000 -101,000000 0,000000 0,000000
951 1733951148 7818,800000 -1,000000 -101,000000 0,000000 0,000000
951 1733951149 7818,800000 -1,000000 -101,000000 0,000000 0,000000
951 1733951150 7818,800000 -1,000000 -101,000000 0,000000 0,000000
951 1733951151 7818,800000 -1,000000 -101,000000 0,000000 0,000000
951 1733951152 3477,400000 -1,000000 -101,000000 0,000000 0,000000
951 1733951153 3477,400000 -1,000000 -101,000000 0,000000 0,000000
951 1733951154 3477,400000 -1,000000 -101,000000 0,000000 0,000000
951 1733951155 3477,400000 -1,000000 -101,000000 0,000000 0,000000
951 1733951156 3477,400000 -1,000000 -101,000000 0,000000 0,000000
951 1733951157 1703,200000 -1,000000 -101,000000 0,000000 0,000000
951 1733951158 1703,200000 -1,000000 -101,000000 0,000000 0,000000
951 1733951159 1703,200000 -1,000000 -101,000000 0,000000 0,000000
951 1733951160 1703,200000 -1,000000 -101,000000 0,000000 0,000000
951 1733951161 1703,200000 -1,000000 -101,000000 0,000000 0,000000
951 1733951162 15448,000000 -1,000000 -101,000000 0,000000 0,000000
951 1733951163 15448,000000 -1,000000 -101,000000 0,000000 0,000000
951 1733951164 15448,000000 -1,000000 -101,000000 0,000000 0,000000
951 1733951165 15448,000000 -1,000000 -101,000000 0,000000 0,000000
951 1733951166 15448,000000 -1,000000 -101,000000 0,000000 0,000000
951 1733951167 2655,200000 -1,000000 -101,000000 0,000000 0,000000
951 1733951168 2655,200000 -1,000000 -101,000000 0,000000 0,000000
951 1733951169 2655,200000 -1,000000 -101,000000 0,000000 0,000000
951 1733951170 2655,200000 -1,000000 -101,000000 0,000000 0,000000
951 1733951171 2655,200000 -1,000000 -101,000000 0,000000 0,000000
951 1733951172 13476,200000 -1,000000 -101,000000 0,000000 0,000000
951 1733951173 13476,200000 -1,000000 -101,000000 0,000000 0,000000
951 1733951174 13476,200000 -1,000000 -101,000000 0,000000 0,000000
951 1733951175 13476,200000 -1,000000 -101,000000 0,000000 0,000000
951 1733951176 13476,200000 -1,000000 -101,000000 0,000000 0,000000
951 1733951177 17888,000000 -1,000000 -101,000000 0,000000 0,000000
951 1733951178 17888,000000 -1,000000 -101,000000 0,000000 0,000000
951 1733951179 17888,000000 -1,000000 -101,000000 0,000000 0,000000
951 1733951180 17888,000000 -1,000000 -101,000000 0,000000 0,000000
951 1733951181 17888,000000 -1,000000 -101,000000 0,000000 0,000000
951 1733951182 24723,200000 -1,000000 -101,000000 0,000000 0,000000
951 1733951183 24723,200000 -1,000000 -101,000000 0,000000 0,000000
951 1733951184 24723,200000 -1,000000 -101,000000 0,000000 0,000000
951 1733951185 24723,200000 -1,000000 -101,000000 0,000000 0,000000
951 1733951186 24723,200000 -1,000000 -101,000000 0,000000 0,000000
951 1733951187 12874,600000 -1,000000 -101,000000 0,000000 0,000000
951 1733951188 12874,600000 -1,000000 -101,000000 0,000000 0,000000
951 1733951189 12874,600000 -1,000000 -101,000000 0,000000 0,000000
951 1733951190 12874,600000 -1,000000 -101,000000 0,000000 0,000000
951 1733951191 12874,600000 -1,000000 -101,000000 0,000000 0,000000
951 1733951192 2714,800000 -1,000000 -101,000000 0,000000 0,000000
951 1733951193 2714,800000 -1,000000 -101,000000 0,000000 0,000000
951 1733951194 2714,800000 -1,000000 -101,000000 0,000000 0,000000
951 1733951195 2714,800000 -1,000000 -101,000000 0,000000 0,000000
951 1733951196 2714,800000 -1,000000 -101,000000 0,000000 0,000000
951 1733951197 34600,800000 -1,000000 -101,000000 0,000000 0,000000
951 1733951198 34600,800000 -1,000000 -101,000000 0,000000 0,000000
951 1733951199 34600,800000 -1,000000 -101,000000 0,000000 0,000000
951 1733951200 34600,800000 -1,000000 -101,000000 0,000000 0,000000
951 1733951201 34600,800000 -1,000000 -101,000000 0,000000 0,000000
951 1733951202 3826,400000 -1,000000 -101,000000 0,000000 0,000000
951 1733951203 3826,400000 -1,000000 -101,000000 0,000000 0,000000
951 1733951204 3826,400000 -1,000000 -101,000000 0,000000 0,000000
951 1733951205 3826,400000 -1,000000 -101,000000 0,000000 0,000000
951 1733951206 3826,400000 -1,000000 -101,000000 0,000000 0,000000
951 1733951207 16946,400000 -1,000000 -101,000000 0,000000 0,000000
951 1733951208 16946,400000 -1,000000 -101,000000 0,000000 0,000000
951 1733951209 16946,400000 -1,000000 -101,000000 0,000000 0,000000
951 1733951210 16946,400000 -1,000000 -101,000000 0,000000 0,000000
951 1733951211 16946,400000 -1,000000 -101,000000 0,000000 0,000000
951 1733951212 13815,200000 -1,000000 -101,000000 0,000000 0,000000
951 1733951213 13815,200000 -1,000000 -101,000000 0,000000 0,000000
951 1733951214 13815,200000 -1,000000 -101,000000 0,000000 0,000000
951 1733951215 13815,200000 -1,000000 -101,000000 0,000000 0,000000
951 1733951216 13815,200000 -1,000000 -101,000000 0,000000 0,000000
951 1733951217 2976,200000 -1,000000 -101,000000 0,000000 0,000000
951 1733951218 2976,200000 -1,000000 -101,000000 0,000000 0,000000
951 1733951219 2976,200000 -1,000000 -101,000000 0,000000 0,000000
951 1733951220 2976,200000 -1,000000 -101,000000 0,000000 0,000000
951 1733951221 2976,200000 -1,000000 -101,000000 0,000000 0,000000
951 1733951222 10952,000000 -1,000000 -101,000000 0,000000 0,000000
951 1733951223 10952,000000 -1,000000 -101,000000 0,000000 0,000000
951 1733951224 10952,000000 -1,000000 -101,000000 0,000000 0,000000
951 1733951225 10952,000000 -1,000000 -101,000000 0,000000 0,000000
951 1733951226 10952,000000 -1,000000 -101,000000 0,000000 0,000000
951 1733951227 1797,800000 -1,000000 -101,000000 0,000000 0,000000
951 1733951228 1797,800000 -1,000000 -101,000000 0,000000 0,000000
951 1733951229 1797,800000 -1,000000 -101,000000 0,000000 0,000000
951 1733951230 1797,800000 -1,000000 -101,000000 0,000000 0,000000
951 1733951231 1797,800000 -1,000000 -101,000000 0,000000 0,000000
951 1733951232 20885,400000 -1,000000 -101,000000 0,000000 0,000000
951 1733951233 20885,400000 -1,000000 -101,000000 0,000000 0,000000
951 1733951234 20885,400000 -1,000000 -101,000000 0,000000 0,000000
951 1733951235 20885,400000 -1,000000 -101,000000 0,000000 0,000000
951 1733951236 20885,400000 -1,000000 -101,000000 0,000000 0,000000
951 1733951237 9085,600000 -1,000000 -101,000000 0,000000 0,000000
951 1733951238 9085,600000 -1,000000 -101,000000 0,000000 0,000000
951 1733951239 9085,600000 -1,000000 -101,000000 0,000000 0,000000
951 1733951240 9085,600000 -1,000000 -101,000000 0,000000 0,000000
951 1733951241 9085,600000 -1,000000 -101,000000 0,000000 0,000000
951 1733951242 8994,200000 -1,000000 -101,000000 0,000000 0,000000
951 1733951243 8994,200000 -1,000000 -101,000000 0,000000 0,000000
951 1733951244 8994,200000 -1,000000 -101,000000 0,000000 0,000000
951 1733951245 8994,200000 -1,000000 -101,000000 0,000000 0,000000
951 1733951246 8994,200000 -1,000000 -101,000000 0,000000 0,000000
951 1733951247 5565,800000 -1,000000 -101,000000 0,000000 0,000000
951 1733951248 5565,800000 -1,000000 -101,000000 0,000000 0,000000
951 1733951249 5565,800000 -1,000000 -101,000000 0,000000 0,000000
951 1733951250 5565,800000 -1,000000 -101,000000 0,000000 0,000000
951 1733951251 5565,800000 -1,000000 -101,000000 0,000000 0,000000
951 1733951257 43055,800000 -1,000000 -101,000000 0,000000 0,000000
951 1733951258 43055,800000 -1,000000 -101,000000 0,000000 0,000000
951 1733951259 43055,800000 -1,000000 -101,000000 0,000000 0,000000
951 1733951260 43055,800000 -1,000000 -101,000000 0,000000 0,000000
951 1733951261 43055,800000 -1,000000 -101,000000 0,000000 0,000000
951 1733951262 8567,200000 -1,000000 -101,000000 0,000000 0,000000
951 1733951263 8567,200000 -1,000000 -101,000000 0,000000 0,000000
951 1733951264 8567,200000 -1,000000 -101,000000 0,000000 0,000000
951 1733951265 8567,200000 -1,000000 -101,000000 0,000000 0,000000
951 1733951266 8567,200000 -1,000000 -101,000000 0,000000 0,000000
951 1733951267 21999,400000 -1,000000 -101,000000 0,000000 0,000000
951 1733951268 21999,400000 -1,000000 -101,000000 0,000000 0,000000
951 1733951269 21999,400000 -1,000000 -101,000000 0,000000 0,000000
951 1733951270 21999,400000 -1,000000 -101,000000 0,000000 0,000000
951 1733951271 21999,400000 -1,000000 -101,000000 0,000000 0,000000
951 1733951272 5506,800000 -1,000000 -101,000000 0,000000 0,000000
951 1733951273 5506,800000 -1,000000 -101,000000 0,000000 0,000000
951 1733951274 5506,800000 -1,000000 -101,000000 0,000000 0,000000
951 1733951275 5506,800000 -1,000000 -101,000000 0,000000 0,000000
951 1733951276 5506,800000 -1,000000 -101,000000 0,000000 0,000000
951 1733951277 14492,600000 -1,000000 -101,000000 0,000000 0,000000
951 1733951278 14492,600000 -1,000000 -101,000000 0,000000 0,000000
951 1733951279 14492,600000 -1,000000 -101,000000 0,000000 0,000000
951 1733951280 14492,600000 -1,000000 -101,000000 0,000000 0,000000
951 1733951281 14492,600000 -1,000000 -101,000000 0,000000 0,000000
951 1733951282 12721,600000 -1,000000 -101,000000 0,000000 0,000000
951 1733951283 12721,600000 -1,000000 -101,000000 0,000000 0,000000
951 1733951284 12721,600000 -1,000000 -101,000000 0,000000 0,000000
951 1733951285 12721,600000 -1,000000 -101,000000 0,000000 0,000000
951 1733951286 12721,600000 -1,000000 -101,000000 0,000000 0,000000
951 1733951287 8830,000000 -1,000000 -101,000000 0,000000 0,000000
951 1733951288 8830,000000 -1,000000 -101,000000 0,000000 0,000000
951 1733951289 8830,000000 -1,000000 -101,000000 0,000000 0,000000
951 1733951290 8830,000000 -1,000000 -101,000000 0,000000 0,000000
951 1733951291 8830,000000 -1,000000 -101,000000 0,000000 0,000000
951 1733951292 1558,800000 -1,000000 -101,000000 0,000000 0,000000
951 1733951293 1558,800000 -1,000000 -101,000000 0,000000 0,000000
951 1733951294 1558,800000 -1,000000 -101,000000 0,000000 0,000000
951 1733951295 1558,800000 -1,000000 -101,000000 0,000000 0,000000
951 1733951296 1558,800000 -1,000000 -101,000000 0,000000 0,000000
951 1733951297 3420,200000 -1,000000 -101,000000 0,000000 0,000000
951 1733951298 3420,200000 -1,000000 -101,000000 0,000000 0,000000
951 1733951299 3420,200000 -1,000000 -101,000000 0,000000 0,000000
951 1733951300 3420,200000 -1,000000 -101,000000 0,000000 0,000000
951 1733951301 3420,200000 -1,000000 -101,000000 0,000000 0,000000
951 1733951302 8975,000000 -1,000000 -101,000000 0,000000 0,000000
951 1733951303 8975,000000 -1,000000 -101,000000 0,000000 0,000000
951 1733951304 8975,000000 -1,000000 -101,000000 0,000000 0,000000
951 1733951305 8975,000000 -1,000000 -101,000000 0,000000 0,000000
951 1733951306 8975,000000 -1,000000 -101,000000 0,000000 0,000000
951 1733951307 5310,200000 -1,000000 -101,000000 0,000000 0,000000
951 1733951308 5310,200000 -1,000000 -101,000000 0,000000 0,000000
951 1733951309 5310,200000 -1,000000 -101,000000 0,000000 0,000000
951 1733951310 5310,200000 -1,000000 -101,000000 0,000000 0,000000
951 1733951311 5310,200000 -1,000000 -101,000000 0,000000 0,000000
951 1733951312 2655,200000 -1,000000 -101,000000 0,000000 0,000000
951 1733951313 2655,200000 -1,000000 -101,000000 0,000000 0,000000
951 1733951314 2655,200000 -1,000000 -101,000000 0,000000 0,000000
951 1733951315 2655,200000 -1,000000 -101,000000 0,000000 0,000000
951 1733951316 2655,200000 -1,000000 -101,000000 0,000000 0,000000
951 1733951317 40462,800000 -1,000000 -101,000000 0,000000 0,000000
951 1733951318 40462,800000 -1,000000 -101,000000 0,000000 0,000000
951 1733951319 40462,800000 -1,000000 -101,000000 0,000000 0,000000
951 1733951320 40462,800000 -1,000000 -101,000000 0,000000 0,000000
951 1733951321 40462,800000 -1,000000 -101,000000 0,000000 0,000000
951 1733951322 9381,600000 -1,000000 -101,000000 0,000000 0,000000
951 1733951323 9381,600000 -1,000000 -101,000000 0,000000 0,000000
951 1733951324 9381,600000 -1,000000 -101,000000 0,000000 0,000000
951 1733951325 9381,600000 -1,000000 -101,000000 0,000000 0,000000
951 1733951326 9381,600000 -1,000000 -101,000000 0,000000 0,000000
951 1733951327 11395,600000 -1,000000 -101,000000 0,000000 0,000000
951 1733951328 11395,600000 -1,000000 -101,000000 0,000000 0,000000
951 1733951329 11395,600000 -1,000000 -101,000000 0,000000 0,000000
951 1733951330 11395,600000 -1,000000 -101,000000 0,000000 0,000000
951 1733951331 11395,600000 -1,000000 -101,000000 0,000000 0,000000
951 1733951332 32368,200000 -1,000000 -101,000000 0,000000 0,000000
951 1733951333 32368,200000 -1,000000 -101,000000 0,000000 0,000000
951 1733951334 32368,200000 -1,000000 -101,000000 0,000000 0,000000
951 1733951335 32368,200000 -1,000000 -101,000000 0,000000 0,000000
951 1733951336 32368,200000 -1,000000 -101,000000 0,000000 0,000000
951 1733951337 9803,000000 -1,000000 -101,000000 0,000000 0,000000
951 1733951338 9803,000000 -1,000000 -101,000000 0,000000 0,000000
951 1733951339 9803,000000 -1,000000 -101,000000 0,000000 0,000000
951 1733951340 9803,000000 -1,000000 -101,000000 0,000000 0,000000
951 1733951341 9803,000000 -1,000000 -101,000000 0,000000 0,000000
951 1733951342 10952,000000 -1,000000 -101,000000 0,000000 0,000000
951 1733951343 10952,000000 -1,000000 -101,000000 0,000000 0,000000
951 1733951344 10952,000000 -1,000000 -101,000000 0,000000 0,000000
951 1733951345 10952,000000 -1,000000 -101,000000 0,000000 0,000000
951 1733951346 10952,000000 -1,000000 -101,000000 0,000000 0,000000
951 1733951347 2081,200000 -1,000000 -101,000000 0,000000 0,000000
951 1733951348 2081,200000 -1,000000 -101,000000 0,000000 0,000000
951 1733951349 2081,200000 -1,000000 -101,000000 0,000000 0,000000
951 1733951350 2081,200000 -1,000000 -101,000000 0,000000 0,000000
951 1733951351 2081,200000 -1,000000 -101,000000 0,000000 0,000000
951 1733951352 7112,000000 -1,000000 -101,000000 0,000000 0,000000
951 1733951353 7112,000000 -1,000000 -101,000000 0,000000 0,000000
951 1733951354 7112,000000 -1,000000 -101,000000 0,000000 0,000000
951 1733951355 7112,000000 -1,000000 -101,000000 0,000000 0,000000
951 1733951356 7112,000000 -1,000000 -101,000000 0,000000 0,000000
951 1733951357 13856,600000 -1,000000 -101,000000 0,000000 0,000000
951 1733951358 13856,600000 -1,000000 -101,000000 0,000000 0,000000
951 1733951359 13856,600000 -1,000000 -101,000000 0,000000 0,000000
951 1733951360 13856,600000 -1,000000 -101,000000 0,000000 0,000000
951 1733951361 13856,600000 -1,000000 -101,000000 0,000000 0,000000
951 1733951362 10529,200000 -1,000000 -101,000000 0,000000 0,000000
951 1733951363 10529,200000 -1,000000 -101,000000 0,000000 0,000000
951 1733951364 10529,200000 -1,000000 -101,000000 0,000000 0,000000
951 1733951365 10529,200000 -1,000000 -101,000000 0,000000 0,000000
951 1733951366 10529,200000 -1,000000 -101,000000 0,000000 0,000000
951 1733951367 2717,800000 -1,000000 -101,000000 0,000000 0,000000
951 1733951368 2717,800000 -1,000000 -101,000000 0,000000 0,000000
951 1733951369 2717,800000 -1,000000 -101,000000 0,000000 0,000000
951 1733951370 2717,800000 -1,000000 -101,000000 0,000000 0,000000
951 1733951371 2717,800000 -1,000000 -101,000000 0,000000 0,000000
951 1733951372 1797,200000 -1,000000 -101,000000 0,000000 0,000000
951 1733951373 1797,200000 -1,000000 -101,000000 0,000000 0,000000
951 1733951374 1797,200000 -1,000000 -101,000000 0,000000 0,000000
951 1733951375 1797,200000 -1,000000 -101,000000 0,000000 0,000000
951 1733951376 1797,200000 -1,000000 -101,000000 0,000000 0,000000
951 1733951377 43938,400000 -1,000000 -101,000000 0,000000 0,000000
951 1733951378 43938,400000 -1,000000 -101,000000 0,000000 0,000000
951 1733951379 43938,400000 -1,000000 -101,000000 0,000000 0,000000
951 1733951380 43938,400000 -1,000000 -101,000000 0,000000 0,000000
951 1733951381 43938,400000 -1,000000 -101,000000 0,000000 0,000000
951 1733951382 9251,400000 -1,000000 -101,000000 0,000000 0,000000
951 1733951383 9251,400000 -1,000000 -101,000000 0,000000 0,000000
951 1733951384 9251,400000 -1,000000 -101,000000 0,000000 0,000000
951 1733951385 9251,400000 -1,000000 -101,000000 0,000000 0,000000
951 1733951386 9251,400000 -1,000000 -101,000000 0,000000 0,000000
951 1733951387 11180,000000 -1,000000 -101,000000 0,000000 0,000000
951 1733951388 11180,000000 -1,000000 -101,000000 0,000000 0,000000
951 1733951389 11180,000000 -1,000000 -101,000000 0,000000 0,000000
951 1733951390 11180,000000 -1,000000 -101,000000 0,000000 0,000000
951 1733951391 11180,000000 -1,000000 -101,000000 0,000000 0,000000
951 1733951392 4290,000000 -1,000000 -101,000000 0,000000 0,000000
951 1733951393 4290,000000 -1,000000 -101,000000 0,000000 0,000000
951 1733951394 4290,000000 -1,000000 -101,000000 0,000000 0,000000
951 1733951395 4290,000000 -1,000000 -101,000000 0,000000 0,000000
951 1733951396 4290,000000 -1,000000 -101,000000 0,000000 0,000000
951 1733951397 5804,800000 -1,000000 -101,000000 0,000000 0,000000
951 1733951398 5804,800000 -1,000000 -101,000000 0,000000 0,000000
951 1733951399 5804,800000 -1,000000 -101,000000 0,000000 0,000000
951 1733951400 5804,800000 -1,000000 -101,000000 0,000000 0,000000
951 1733951401 5804,800000 -1,000000 -101,000000 0,000000 0,000000
951 1733951402 1395,000000 -1,000000 -101,000000 0,000000 0,000000
951 1733951403 1395,000000 -1,000000 -101,000000 0,000000 0,000000
951 1733951404 1395,000000 -1,000000 -101,000000 0,000000 0,000000
951 1733951405 1395,000000 -1,000000 -101,000000 0,000000 0,000000
951 1733951406 1395,000000 -1,000000 -101,000000 0,000000 0,000000
951 1733951407 16900,800000 -1,000000 -101,000000 0,000000 0,000000
951 1733951408 16900,800000 -1,000000 -101,000000 0,000000 0,000000
